88
Xanthonycticebus_pygmaeus     0.0000000 0.0027095 0.0195478 0.0498156 0.0543742 0.1651588 0.1651588 0.1541457 0.1505477 0.1535579 0.1931398 0.1931398 0.1909633 0.1909633 0.1909633 0.1931398 0.2017742 0.1887354 0.1912423 0.1932512 0.1932512 0.1932512 0.1910152 0.1984158 0.1955205 0.1977124 0.1933353 0.1982100 0.1946987 0.1972790 0.2107286 0.2085622 0.2062782 0.2062782 0.2062782 0.2092407 0.2020394 0.2037961 0.2040020 0.1995328 0.2184842 0.2162236 0.2128371 0.2153148 0.2176951 0.2151021 0.2295694 0.2127404 0.1967952 0.2020774 0.1929024 0.2159804 0.2163039 0.2131931 0.2144446 0.2299216 0.2362528 0.2149994 0.2166319 0.2153624 0.2336109 0.2025575 0.2474473 0.2342665 0.2350955 0.2355778 0.2436896 0.2489195 0.2431735 0.2416267 0.2451651 0.2383114 0.2383114 0.2328280 0.2440511 0.2444262 0.2473369 0.2725412 0.2338685 0.2275464 0.2304687 0.2251579 0.2358557 0.2276494 0.2546733 0.2542798 0.2162399 3.2097000 
Nycticebus_coucang            0.0027095 0.0000000 0.0237720 0.0497570 0.0541501 0.1749263 0.1749263 0.1544376 0.1515244 0.1629317 0.1965134 0.1965134 0.1965591 0.1965591 0.1948402 0.1965134 0.2048977 0.1958830 0.1972684 0.1972411 0.1972411 0.1972411 0.1932110 0.2006167 0.1966656 0.1947298 0.1932110 0.1970435 0.1952960 0.2027243 0.2024163 0.2007709 0.2007709 0.2065679 0.2065679 0.2045569 0.2009118 0.2022594 0.2041593 0.1989900 0.2179929 0.2143494 0.2072398 0.2091189 0.2109242 0.2089617 0.2180359 0.2105792 0.1989681 0.2030427 0.2064131 0.2239999 0.2277335 0.2249955 0.2283534 0.2398946 0.2428575 0.2214918 0.2332823 0.2217806 0.2340535 0.1864662 0.2546799 0.2414229 0.2436064 0.2379281 0.2461684 0.2502028 0.2522965 0.2491961 0.2507760 0.2506995 0.2506995 0.2430986 0.2517636 0.2520632 0.2543359 0.2713412 0.2386028 0.2370983 0.2374277 0.2332904 0.2416186 0.2377327 0.2584835 0.2549205 0.2329222 3.3146189 
Loris_tardigradus             0.0195478 0.0237720 0.0000000 0.0545177 0.0568849 0.1777985 0.1777985 0.1570670 0.1589977 0.1656362 0.2003329 0.2003329 0.2003794 0.2003794 0.1986474 0.2003329 0.2051679 0.1997133 0.2011047 0.1974971 0.1974971 0.1974971 0.1934595 0.2008785 0.1969200 0.1949808 0.1934595 0.1972990 0.1911340 0.1984878 0.2062908 0.2046336 0.2010331 0.2104835 0.2068410 0.2084531 0.2047786 0.2061307 0.2080471 0.2028389 0.2220108 0.2183376 0.2148494 0.2167572 0.2185879 0.2165926 0.2257972 0.2145316 0.2028162 0.2069308 0.2103496 0.2280924 0.2280515 0.2253071 0.2286712 0.2363696 0.2393114 0.2237474 0.2374926 0.2240401 0.2382814 0.1715717 0.2500661 0.2388078 0.2409781 0.2353431 0.2474624 0.2475499 0.2496320 0.2465406 0.2481186 0.2480179 0.2480179 0.2390716 0.2523340 0.2507101 0.2549146 0.2584626 0.2398974 0.2306882 0.2310091 0.2269239 0.2351420 0.2313056 0.2557846 0.2522375 0.2363768 3.3780913 
Perodicticus_potto            0.0498156 0.0497570 0.0545177 0.0000000 0.0660048 0.1726809 0.1726809 0.1658871 0.1643280 0.1674659 0.2211069 0.2211069 0.2188366 0.2188366 0.2188366 0.2211069 0.2303248 0.2165094 0.2191623 0.2212294 0.2212294 0.2212294 0.2188939 0.2267022 0.2236104 0.2258971 0.2213309 0.2264713 0.2201727 0.2228900 0.2294771 0.2272525 0.2297159 0.2225053 0.2176923 0.2255789 0.2181818 0.2199507 0.2201727 0.2155948 0.2400271 0.2376941 0.2367412 0.2393224 0.2417933 0.2390798 0.2565877 0.2341663 0.2175297 0.2230469 0.2135579 0.2342566 0.2354357 0.2321764 0.2284767 0.2494080 0.2560040 0.2333219 0.2349647 0.2337233 0.2477173 0.1724468 0.2679288 0.2543201 0.2550761 0.2555976 0.2613353 0.2667154 0.2607903 0.2592563 0.2655666 0.2583083 0.2583083 0.2511609 0.2669239 0.2673398 0.2703630 0.2943539 0.2663135 0.2565919 0.2649524 0.2540904 0.2654239 0.2592764 0.2881096 0.2876543 0.2280813 3.2634194 
Galago_senegalensis           0.0543742 0.0541501 0.0568849 0.0660048 0.0000000 0.1839015 0.1839015 0.1631143 0.1634108 0.1734549 0.2058980 0.2058980 0.2059454 0.2059454 0.2041973 0.2058980 0.2144755 0.2052950 0.2066929 0.2066623 0.2066623 0.2066623 0.2025422 0.2065493 0.2025422 0.2005791 0.2025422 0.2064561 0.2046763 0.2158326 0.2083710 0.2102544 0.2066180 0.2198725 0.2198725 0.2178019 0.2140680 0.2154268 0.2156432 0.2120909 0.2316090 0.2278766 0.2243324 0.2262731 0.2281326 0.2260993 0.2372965 0.2239958 0.2120661 0.2162643 0.2234381 0.2378465 0.2455694 0.2426936 0.2422282 0.2540532 0.2571221 0.2334688 0.2474920 0.2337764 0.2483203 0.1334783 0.2643022 0.2527421 0.2549699 0.2549035 0.2614379 0.2655716 0.2677192 0.2645865 0.2661645 0.2662378 0.2662378 0.2588204 0.2612683 0.2615806 0.2638881 0.2769403 0.2578051 0.2500723 0.2543755 0.2461907 0.2547116 0.2526865 0.2641579 0.2665667 0.2510990 3.4351173 
Varecia_rubra                 0.1651588 0.1749263 0.1777985 0.1726809 0.1839015 0.0000000 0.0000010 0.0593939 0.0689251 0.0732066 0.2016123 0.2016123 0.2016601 0.2016601 0.1998809 0.2016123 0.2065861 0.2027219 0.2024092 0.2022883 0.2022883 0.1987015 0.1981062 0.1985907 0.1945506 0.1962013 0.1945506 0.1984976 0.2022576 0.2079693 0.2040708 0.2059856 0.2042388 0.1998319 0.1998319 0.2101274 0.2025231 0.2020776 0.2040278 0.1987214 0.2156792 0.2119401 0.2252170 0.2233545 0.2220783 0.2231788 0.2345289 0.2211789 0.2108222 0.2114458 0.2008161 0.2102684 0.2127740 0.2119133 0.2229819 0.2288267 0.2317825 0.2039108 0.2118381 0.2041814 0.2150510 0.1042393 0.2391194 0.2315661 0.2416866 0.2377847 0.2503725 0.2444580 0.2464937 0.2453663 0.2511517 0.2531699 0.2531699 0.2383598 0.2484921 0.2461909 0.2511087 0.2637729 0.2364421 0.2401018 0.2444691 0.2380803 0.2447935 0.2348345 0.2488611 0.2493069 0.2521839 3.4401475 
Varecia_variegata_variegata   0.1651588 0.1749263 0.1777985 0.1726809 0.1839015 0.0000010 0.0000000 0.0593939 0.0689251 0.0732066 0.2016123 0.2016123 0.2016601 0.2016601 0.1998809 0.2016123 0.2065861 0.2027219 0.2024092 0.2022883 0.2022883 0.1987015 0.1981062 0.1985907 0.1945506 0.1962013 0.1945506 0.1984976 0.2022576 0.2079693 0.2040708 0.2059856 0.2042388 0.1998319 0.1998319 0.2101274 0.2025231 0.2020776 0.2040278 0.1987214 0.2156792 0.2119401 0.2252170 0.2233545 0.2220783 0.2231788 0.2345289 0.2211789 0.2108222 0.2114458 0.2008161 0.2102684 0.2127740 0.2119133 0.2229819 0.2288267 0.2317825 0.2039108 0.2118381 0.2041814 0.2150510 0.1042393 0.2391194 0.2315661 0.2416866 0.2377847 0.2503725 0.2444580 0.2464937 0.2453663 0.2511517 0.2531699 0.2531699 0.2383598 0.2484921 0.2461909 0.2511087 0.2637729 0.2364421 0.2401018 0.2444691 0.2380803 0.2447935 0.2348345 0.2488611 0.2493069 0.2521839 3.4401475 
Eulemur_fulvus                0.1541457 0.1544376 0.1570670 0.1658871 0.1631143 0.0593939 0.0593939 0.0000000 0.0447731 0.0551285 0.1691302 0.1691302 0.1691714 0.1691714 0.1675009 0.1691302 0.1736362 0.1700407 0.1697831 0.1696853 0.1696853 0.1663244 0.1658347 0.1662347 0.1625035 0.1640674 0.1625035 0.1661543 0.1731216 0.1767721 0.1713615 0.1731452 0.1715010 0.1735655 0.1700968 0.1804847 0.1699559 0.1729671 0.1747932 0.1697777 0.1855170 0.1819948 0.1908838 0.1891334 0.1880733 0.1889913 0.1996313 0.1836541 0.1775418 0.1780577 0.1732224 0.1802638 0.1807458 0.1799955 0.1869006 0.1978016 0.2005001 0.1777155 0.1850318 0.1779448 0.1881182 0.0897642 0.2088526 0.1964249 0.1985598 0.1987887 0.2087450 0.2050372 0.2051110 0.2039492 0.2093582 0.2126988 0.2126988 0.1997559 0.2025696 0.2004599 0.2049318 0.2170807 0.1917798 0.1917645 0.1957356 0.1899155 0.1959656 0.1868356 0.1979017 0.1982608 0.2249028 3.3981423 
Lemur_catta                   0.1505477 0.1515244 0.1589977 0.1643280 0.1634108 0.0689251 0.0689251 0.0447731 0.0000000 0.0221760 0.1810169 0.1810169 0.1810608 0.1810608 0.1793456 0.1810169 0.1857071 0.1820031 0.1817245 0.1816179 0.1816179 0.1781650 0.1776350 0.1780674 0.1742123 0.1758127 0.1742123 0.1814311 0.1850644 0.1853307 0.1868199 0.1886684 0.1869731 0.1820639 0.1820639 0.1838077 0.1853029 0.1814300 0.1832986 0.1781809 0.1979960 0.1943761 0.1962216 0.1981134 0.1969922 0.1979622 0.2088283 0.1959787 0.1879944 0.1885461 0.1817671 0.1890264 0.1876147 0.1851125 0.1921162 0.1958604 0.1985605 0.1829099 0.1903823 0.1831484 0.1953804 0.1349122 0.2238063 0.2109592 0.2207138 0.2170587 0.2215076 0.2215834 0.2254608 0.2205120 0.2299923 0.2217518 0.2217518 0.2146957 0.2267952 0.2245781 0.2292986 0.2309703 0.2117661 0.2081130 0.2122296 0.2062014 0.2124892 0.2030579 0.2163034 0.2166963 0.2197715 3.3756731 
Hapalemur_griseus             0.1535579 0.1629317 0.1656362 0.1674659 0.1734549 0.0732066 0.0732066 0.0551285 0.0221760 0.0000000 0.1918304 0.1918304 0.1882589 0.1882589 0.1901177 0.1918304 0.1966976 0.1928876 0.1925892 0.1924745 0.1924745 0.1889310 0.1883633 0.1888260 0.1848508 0.1864871 0.1848508 0.1922757 0.1942352 0.1945193 0.1978107 0.1997113 0.1979742 0.1929530 0.1929530 0.1984136 0.1926979 0.1922735 0.1941960 0.1889490 0.2093831 0.2056673 0.2075600 0.2095047 0.2083064 0.2093418 0.2204902 0.2072956 0.1990686 0.1996589 0.1890557 0.1965187 0.1940496 0.1914908 0.2015823 0.2054191 0.2082128 0.1903103 0.1979943 0.1905616 0.2030826 0.1715570 0.2342030 0.2210142 0.2310032 0.2252213 0.2317754 0.2318571 0.2319406 0.2307921 0.2404735 0.2381066 0.2381066 0.2271328 0.2298965 0.2276596 0.2324248 0.2426948 0.2218674 0.2141887 0.2183820 0.2122430 0.2186548 0.2090583 0.2233494 0.2237555 0.2281007 3.3504733 
Macaca_silenus                0.1931398 0.1965134 0.2003329 0.2211069 0.2058980 0.2016123 0.2016123 0.1691302 0.1810169 0.1918304 0.0000000 0.0010488 0.0021012 0.0021012 0.0031567 0.0021008 0.0063750 0.0063689 0.0085076 0.0063594 0.0063594 0.0063594 0.0042178 0.0085012 0.0063457 0.0095567 0.0063457 0.0063552 0.0206414 0.0240371 0.0195089 0.0184052 0.0173004 0.0263410 0.0263508 0.0286228 0.0240407 0.0195181 0.0206383 0.0173060 0.0334461 0.0311160 0.0381711 0.0369927 0.0358076 0.0369568 0.0440978 0.0404706 0.0298319 0.0298987 0.0516915 0.0635012 0.0664690 0.0675426 0.0716525 0.0661525 0.0676895 0.0624711 0.0708513 0.0625376 0.0710217 0.0472807 0.1198361 0.1131658 0.1163046 0.1154514 0.1246916 0.1247244 0.1277657 0.1236290 0.1250457 0.1320511 0.1320511 0.1253251 0.1283970 0.1285316 0.1286983 0.1454116 0.1171731 0.0995565 0.1025732 0.0981153 0.1041344 0.0969473 0.1158498 0.1130524 0.2040319 2.7298713 
Macaca_nemestrina             0.1931398 0.1965134 0.2003329 0.2211069 0.2058980 0.2016123 0.2016123 0.1691302 0.1810169 0.1918304 0.0010488 0.0000000 0.0031565 0.0031565 0.0042161 0.0031559 0.0074485 0.0074414 0.0095853 0.0074302 0.0074302 0.0074302 0.0052800 0.0095779 0.0074142 0.0106341 0.0074142 0.0074247 0.0217601 0.0251670 0.0206232 0.0195168 0.0184089 0.0274794 0.0274897 0.0297680 0.0251709 0.0206330 0.0217568 0.0184149 0.0346128 0.0322756 0.0393528 0.0381711 0.0369821 0.0381339 0.0452965 0.0416572 0.0309830 0.0310526 0.0529201 0.0647758 0.0677597 0.0688327 0.0729584 0.0674367 0.0689827 0.0637475 0.0721637 0.0638154 0.0723375 0.0472807 0.1213277 0.1146300 0.1177799 0.1169146 0.1261850 0.1262182 0.1292685 0.1251239 0.1265436 0.1304456 0.1304456 0.1236976 0.1268260 0.1269588 0.1271232 0.1437680 0.1156316 0.1009738 0.1040014 0.0995281 0.1055685 0.0983601 0.1143281 0.1115385 0.2040319 2.7422521 
Macaca_ochreata               0.1909633 0.1965591 0.2003794 0.2188366 0.2059454 0.2016601 0.2016601 0.1691714 0.1810608 0.1882589 0.0021012 0.0031565 0.0000000 0.0000010 0.0031573 0.0021012 0.0063762 0.0063702 0.0085093 0.0063606 0.0063606 0.0063606 0.0042187 0.0085028 0.0063469 0.0095586 0.0063469 0.0063565 0.0206456 0.0240421 0.0195128 0.0184089 0.0173039 0.0263464 0.0263562 0.0286288 0.0240457 0.0217568 0.0206425 0.0173095 0.0334531 0.0311225 0.0405487 0.0393632 0.0381701 0.0393248 0.0465108 0.0404793 0.0298381 0.0299050 0.0517029 0.0635154 0.0690731 0.0701455 0.0742884 0.0687432 0.0702988 0.0624852 0.0708675 0.0625517 0.0710380 0.0473873 0.1228599 0.1161321 0.1192943 0.1184164 0.1277201 0.1277538 0.1308142 0.1266604 0.1280835 0.1351818 0.1351818 0.1285034 0.1314622 0.1316004 0.1317716 0.1453807 0.1201878 0.0995362 0.1025522 0.0980953 0.1041130 0.0969276 0.1188263 0.1160153 0.2040801 2.6996604 
Macaca_brunnescens            0.1909633 0.1965591 0.2003794 0.2188366 0.2059454 0.2016601 0.2016601 0.1691714 0.1810608 0.1882589 0.0021012 0.0031565 0.0000010 0.0000000 0.0031573 0.0021012 0.0063762 0.0063702 0.0085093 0.0063606 0.0063606 0.0063606 0.0042187 0.0085028 0.0063469 0.0095586 0.0063469 0.0063565 0.0206456 0.0240421 0.0195128 0.0184089 0.0173039 0.0263464 0.0263562 0.0286288 0.0240457 0.0217568 0.0206425 0.0173095 0.0334531 0.0311225 0.0405487 0.0393632 0.0381701 0.0393248 0.0465108 0.0404793 0.0298381 0.0299050 0.0517029 0.0635154 0.0690731 0.0701455 0.0742884 0.0687432 0.0702988 0.0624852 0.0708675 0.0625517 0.0710380 0.0473873 0.1228599 0.1161321 0.1192943 0.1184164 0.1277201 0.1277538 0.1308142 0.1266604 0.1280835 0.1351818 0.1351818 0.1285034 0.1314622 0.1316004 0.1317716 0.1453807 0.1201878 0.0995362 0.1025522 0.0980953 0.1041130 0.0969276 0.1188263 0.1160153 0.2040801 2.6996604 
Macaca_hecki                  0.1909633 0.1948402 0.1986474 0.2188366 0.2041973 0.1998809 0.1998809 0.1675009 0.1793456 0.1901177 0.0031567 0.0042161 0.0031573 0.0031573 0.0000000 0.0031567 0.0074504 0.0074433 0.0095878 0.0074321 0.0074321 0.0074321 0.0052814 0.0095803 0.0074160 0.0106368 0.0074160 0.0074266 0.0217657 0.0251735 0.0206285 0.0195218 0.0184137 0.0274865 0.0274968 0.0297757 0.0251774 0.0228798 0.0217624 0.0184196 0.0346218 0.0322840 0.0417398 0.0405507 0.0393537 0.0405110 0.0477190 0.0416682 0.0309911 0.0310607 0.0529341 0.0647933 0.0703749 0.0714466 0.0756057 0.0700383 0.0716031 0.0637647 0.0721835 0.0638327 0.0723574 0.0475175 0.1243671 0.1176111 0.1207848 0.1198946 0.1292294 0.1292636 0.1323333 0.1281713 0.1295975 0.1367418 0.1367418 0.1300877 0.1329897 0.1331297 0.1333032 0.1502011 0.1216907 0.1038554 0.1069061 0.1024001 0.1084858 0.1012315 0.1203103 0.1174926 0.2022922 2.7178270 
Macaca_tonkeana               0.1931398 0.1965134 0.2003329 0.2211069 0.2058980 0.2016123 0.2016123 0.1691302 0.1810169 0.1918304 0.0021008 0.0031559 0.0021012 0.0021012 0.0031567 0.0000000 0.0063750 0.0063689 0.0085076 0.0063594 0.0063594 0.0063594 0.0042178 0.0085012 0.0063457 0.0095567 0.0063457 0.0063552 0.0206414 0.0240371 0.0195089 0.0184052 0.0173004 0.0263410 0.0263508 0.0286228 0.0240407 0.0217524 0.0206383 0.0173060 0.0334461 0.0311160 0.0405401 0.0393548 0.0381620 0.0393164 0.0465008 0.0404706 0.0298319 0.0298987 0.0516915 0.0635012 0.0664690 0.0675426 0.0716525 0.0661525 0.0676895 0.0624711 0.0708513 0.0625376 0.0710217 0.0349923 0.1228302 0.1161042 0.1192656 0.1183881 0.1276895 0.1277232 0.1307828 0.1266299 0.1280527 0.1351488 0.1351488 0.1284711 0.1314305 0.1315687 0.1317398 0.1485725 0.1201586 0.1024001 0.1054388 0.1009498 0.1070120 0.0997816 0.1187978 0.1159874 0.2040319 2.7298713 
Macaca_maura                  0.2017742 0.2048977 0.2051679 0.2303248 0.2144755 0.2065861 0.2065861 0.1736362 0.1857071 0.1966976 0.0063750 0.0074485 0.0063762 0.0063762 0.0074504 0.0063750 0.0000000 0.0107355 0.0129069 0.0085464 0.0085464 0.0085464 0.0063766 0.0107109 0.0085278 0.0117731 0.0085278 0.0085404 0.0229994 0.0264363 0.0218521 0.0207370 0.0196203 0.0287700 0.0287808 0.0310780 0.0264405 0.0241220 0.0229960 0.0196267 0.0359727 0.0336152 0.0431516 0.0419526 0.0407452 0.0419113 0.0491809 0.0430771 0.0323061 0.0323792 0.0569657 0.0664276 0.0720685 0.0731448 0.0773463 0.0717214 0.0733063 0.0640906 0.0725603 0.0641593 0.0727361 0.0349923 0.1266267 0.1197941 0.1230009 0.1220879 0.1346303 0.1315517 0.1346510 0.1304555 0.1318935 0.1391447 0.1391447 0.1324940 0.1384756 0.1386228 0.1388053 0.1527214 0.1224195 0.1058977 0.1089801 0.1044283 0.1076058 0.1032535 0.1225143 0.1196725 0.2090418 2.6996326 
Macaca_nigrescens             0.1887354 0.1958830 0.1997133 0.2165094 0.2052950 0.2027219 0.2027219 0.1700407 0.1820031 0.1928876 0.0063689 0.0074414 0.0063702 0.0063702 0.0074433 0.0063689 0.0107355 0.0000000 0.0042296 0.0085412 0.0085412 0.0085412 0.0063728 0.0107044 0.0085227 0.0117660 0.0085227 0.0085353 0.0229854 0.0264200 0.0218387 0.0207243 0.0196083 0.0276107 0.0253245 0.0299109 0.0252906 0.0229819 0.0218594 0.0185011 0.0347816 0.0324323 0.0419353 0.0407402 0.0395372 0.0407002 0.0467428 0.0418630 0.0311325 0.0312027 0.0531886 0.0651138 0.0707281 0.0718047 0.0759881 0.0703881 0.0719629 0.0640808 0.0725493 0.0641495 0.0727250 0.0484505 0.1219777 0.1152364 0.1184060 0.1175315 0.1268585 0.1268921 0.1299608 0.1257932 0.1272209 0.1358483 0.1358483 0.1291513 0.1306070 0.1307448 0.1324437 0.1477947 0.1192960 0.1014973 0.1045433 0.1000431 0.1061201 0.0988695 0.1179398 0.1151201 0.2071241 2.7177890 
Macaca_nigra                  0.1912423 0.1972684 0.2011047 0.2191623 0.2066929 0.2024092 0.2024092 0.1697831 0.1817245 0.1925892 0.0085076 0.0095853 0.0085093 0.0085093 0.0095878 0.0085076 0.0129069 0.0042296 0.0000000 0.0106966 0.0106966 0.0106966 0.0085128 0.0128694 0.0106733 0.0139313 0.0106733 0.0085229 0.0218247 0.0263791 0.0218053 0.0206927 0.0195784 0.0298751 0.0275781 0.0321862 0.0275412 0.0252177 0.0240903 0.0207166 0.0370944 0.0347337 0.0442835 0.0430829 0.0418737 0.0430405 0.0503194 0.0442070 0.0322559 0.0323288 0.0556022 0.0663160 0.0732573 0.0743312 0.0785405 0.0729046 0.0744954 0.0652859 0.0737779 0.0653559 0.0738844 0.0349923 0.1187525 0.1120823 0.1152224 0.1143754 0.1236214 0.1236538 0.1266978 0.1225544 0.1239732 0.1324796 0.1324796 0.1256036 0.1258168 0.1259488 0.1276246 0.1443471 0.1191269 0.0984676 0.1014850 0.0970255 0.1030463 0.0958542 0.1147709 0.1119698 0.2048882 2.7461819 
Macaca_fascicularis           0.1932512 0.1972411 0.1974971 0.2212294 0.2066623 0.2022883 0.2022883 0.1696853 0.1816179 0.1924745 0.0063594 0.0074302 0.0063606 0.0063606 0.0074321 0.0063594 0.0085464 0.0085412 0.0106966 0.0000000 0.0000010 0.0021024 0.0021072 0.0085218 0.0063610 0.0095799 0.0063610 0.0063706 0.0206931 0.0240978 0.0195575 0.0184511 0.0173434 0.0264078 0.0264177 0.0286958 0.0229716 0.0218069 0.0206900 0.0173490 0.0335327 0.0311962 0.0406465 0.0394579 0.0382617 0.0394193 0.0466241 0.0405767 0.0276085 0.0299755 0.0543230 0.0611033 0.0692514 0.0703264 0.0718243 0.0689198 0.0704805 0.0600677 0.0683988 0.0601317 0.0712236 0.0349923 0.1202059 0.1135108 0.1166608 0.1158023 0.1281406 0.1251079 0.1281597 0.1240098 0.1223760 0.1339824 0.1339824 0.1272696 0.1318983 0.1320374 0.1322098 0.1458723 0.1205303 0.1027071 0.1057565 0.1012519 0.1073353 0.1000805 0.1191612 0.1163417 0.2047170 2.7645102 
Macaca_mulatta                0.1932512 0.1972411 0.1974971 0.2212294 0.2066623 0.2022883 0.2022883 0.1696853 0.1816179 0.1924745 0.0063594 0.0074302 0.0063606 0.0063606 0.0074321 0.0063594 0.0085464 0.0085412 0.0106966 0.0000010 0.0000000 0.0021024 0.0021072 0.0085218 0.0063610 0.0095799 0.0063610 0.0063706 0.0206931 0.0240978 0.0195575 0.0184511 0.0173434 0.0264078 0.0264177 0.0286958 0.0229716 0.0218069 0.0206900 0.0173490 0.0335327 0.0311962 0.0406465 0.0394579 0.0382617 0.0394193 0.0466241 0.0405767 0.0276085 0.0299755 0.0543230 0.0611033 0.0692514 0.0703264 0.0718243 0.0689198 0.0704805 0.0600677 0.0683988 0.0601317 0.0712236 0.0349923 0.1202059 0.1135108 0.1166608 0.1158023 0.1281406 0.1251079 0.1281597 0.1240098 0.1223760 0.1339824 0.1339824 0.1272696 0.1318983 0.1320374 0.1322098 0.1458723 0.1205303 0.1027071 0.1057565 0.1012519 0.1073353 0.1000805 0.1191612 0.1163417 0.2047170 2.7645102 
Macaca_fuscata                0.1932512 0.1972411 0.1974971 0.2212294 0.2066623 0.1987015 0.1987015 0.1663244 0.1781650 0.1889310 0.0063594 0.0074302 0.0063606 0.0063606 0.0074321 0.0063594 0.0085464 0.0085412 0.0106966 0.0021024 0.0021024 0.0000000 0.0042280 0.0085218 0.0063610 0.0095799 0.0063610 0.0063706 0.0206931 0.0240978 0.0195575 0.0184511 0.0173434 0.0264078 0.0264177 0.0286958 0.0229716 0.0218069 0.0206900 0.0173490 0.0335327 0.0311962 0.0406465 0.0394579 0.0382617 0.0394193 0.0466241 0.0405767 0.0299083 0.0299755 0.0543230 0.0611033 0.0692514 0.0703264 0.0718243 0.0689198 0.0704805 0.0575320 0.0657910 0.0575931 0.0685922 0.0349923 0.1232102 0.1164591 0.1196318 0.1187490 0.1311672 0.1281169 0.1311870 0.1270210 0.1253747 0.1370990 0.1370990 0.1304354 0.1349611 0.1351038 0.1352807 0.1490442 0.1205303 0.1027071 0.1057565 0.1012519 0.1073353 0.1000805 0.1191612 0.1163417 0.2011121 2.7645102 
Macaca_cyclopis               0.1910152 0.1932110 0.1934595 0.2188939 0.2025422 0.1981062 0.1981062 0.1658347 0.1776350 0.1883633 0.0042178 0.0052800 0.0042187 0.0042187 0.0052814 0.0042178 0.0063766 0.0063728 0.0085128 0.0021072 0.0021072 0.0042280 0.0000000 0.0063584 0.0042189 0.0074127 0.0042189 0.0042252 0.0184177 0.0217916 0.0172934 0.0161951 0.0150961 0.0240791 0.0240880 0.0263480 0.0217947 0.0195231 0.0184149 0.0151009 0.0311294 0.0288129 0.0381810 0.0370024 0.0358169 0.0369664 0.0441094 0.0381158 0.0252648 0.0276069 0.0517259 0.0609766 0.0664870 0.0675609 0.0716720 0.0661704 0.0677079 0.0599430 0.0682535 0.0600067 0.0684173 0.0349923 0.1168937 0.1102764 0.1133938 0.1125641 0.1247843 0.1217784 0.1248026 0.1206807 0.1220918 0.1305127 0.1305127 0.1237627 0.1284930 0.1286278 0.1287948 0.1423121 0.1172076 0.0995849 0.1026026 0.0981433 0.1041643 0.0969750 0.1158835 0.1130852 0.2005088 2.7235678 
Macaca_sinica                 0.1984158 0.2006167 0.2008785 0.2267022 0.2065493 0.1985907 0.1985907 0.1662347 0.1780674 0.1888260 0.0085012 0.0095779 0.0085028 0.0085028 0.0095803 0.0085012 0.0107109 0.0107044 0.0128694 0.0085218 0.0085218 0.0085218 0.0063584 0.0000000 0.0021063 0.0052882 0.0042262 0.0063680 0.0206844 0.0240876 0.0173247 0.0184433 0.0173362 0.0263966 0.0264065 0.0286836 0.0240912 0.0217977 0.0206813 0.0173418 0.0335182 0.0311827 0.0406287 0.0394407 0.0382450 0.0394021 0.0466036 0.0405590 0.0298955 0.0299626 0.0567835 0.0636479 0.0718297 0.0729027 0.0770882 0.0714849 0.0730632 0.0651817 0.0736578 0.0652514 0.0711902 0.0349923 0.1261677 0.1193646 0.1225581 0.1216517 0.1341431 0.1310768 0.1341636 0.1299836 0.1314162 0.1370280 0.1370280 0.1303662 0.1364663 0.1366108 0.1367898 0.1521548 0.1234807 0.1055247 0.1085946 0.1040612 0.1072822 0.1028901 0.1220749 0.1177646 0.2009997 2.7399823 
Macaca_radiata                0.1955205 0.1966656 0.1969200 0.2236104 0.2025422 0.1945506 0.1945506 0.1625035 0.1742123 0.1848508 0.0063457 0.0074142 0.0063469 0.0063469 0.0074160 0.0063457 0.0085278 0.0085227 0.0106733 0.0063610 0.0063610 0.0063610 0.0042189 0.0021063 0.0000000 0.0031571 0.0021026 0.0042252 0.0184177 0.0217916 0.0150861 0.0161951 0.0150961 0.0240791 0.0240880 0.0263480 0.0217947 0.0195231 0.0184149 0.0151009 0.0311294 0.0288129 0.0381810 0.0370024 0.0358169 0.0369664 0.0441094 0.0381158 0.0275454 0.0276069 0.0541909 0.0609766 0.0690762 0.0701487 0.0742917 0.0687463 0.0703020 0.0624880 0.0708707 0.0625546 0.0684173 0.0349923 0.1228665 0.1161381 0.1193006 0.1184226 0.1308019 0.1277609 0.1308216 0.1266674 0.1280907 0.1336016 0.1336016 0.1268994 0.1330894 0.1332296 0.1334034 0.1486183 0.1201942 0.1024294 0.1054692 0.1009786 0.1041643 0.0998101 0.1188326 0.1160213 0.1969350 2.7356138 
Macaca_assamensis             0.1977124 0.1947298 0.1949808 0.2258971 0.2005791 0.1962013 0.1962013 0.1640674 0.1758127 0.1864871 0.0095567 0.0106341 0.0095586 0.0095586 0.0106368 0.0095567 0.0117731 0.0117660 0.0139313 0.0095799 0.0095799 0.0095799 0.0074127 0.0052882 0.0031571 0.0000000 0.0031571 0.0074232 0.0217556 0.0251619 0.0183931 0.0195128 0.0184052 0.0251994 0.0252088 0.0251902 0.0251657 0.0228692 0.0217524 0.0184112 0.0322743 0.0299519 0.0417199 0.0405314 0.0393350 0.0404918 0.0476961 0.0392772 0.0309766 0.0310461 0.0578859 0.0647612 0.0729503 0.0740201 0.0782091 0.0726005 0.0741829 0.0662994 0.0747861 0.0663702 0.0723209 0.0349923 0.1258415 0.1190596 0.1222436 0.1213417 0.1337968 0.1307392 0.1338171 0.1296481 0.1310770 0.1366669 0.1366669 0.1300147 0.1361116 0.1362553 0.1364334 0.1517516 0.1231615 0.1052602 0.1083211 0.1038008 0.1070120 0.1026324 0.1217629 0.1189395 0.1949436 2.7476375 
Macaca_arctoides              0.1933353 0.1932110 0.1934595 0.2213309 0.2025422 0.1945506 0.1945506 0.1625035 0.1742123 0.1848508 0.0063457 0.0074142 0.0063469 0.0063469 0.0074160 0.0063457 0.0085278 0.0085227 0.0106733 0.0063610 0.0063610 0.0063610 0.0042189 0.0042262 0.0021026 0.0031571 0.0000000 0.0042252 0.0184177 0.0217916 0.0172934 0.0161951 0.0150961 0.0240791 0.0240880 0.0263480 0.0217947 0.0195231 0.0184149 0.0151009 0.0311294 0.0288129 0.0381810 0.0370024 0.0358169 0.0369664 0.0441094 0.0357644 0.0275454 0.0276069 0.0541909 0.0609766 0.0690762 0.0701487 0.0742917 0.0687463 0.0703020 0.0624880 0.0708707 0.0625546 0.0684173 0.0349923 0.1213995 0.1146968 0.1178490 0.1169827 0.1293257 0.1262926 0.1293450 0.1251978 0.1266184 0.1320910 0.1320910 0.1253638 0.1330894 0.1332296 0.1334034 0.1470753 0.1187307 0.1010316 0.1040612 0.0995849 0.1027583 0.0984163 0.1173871 0.1145816 0.1969350 2.7476375 
Macaca_sylvanus               0.1982100 0.1970435 0.1972990 0.2264713 0.2064561 0.1984976 0.1984976 0.1661543 0.1814311 0.1922757 0.0063552 0.0074247 0.0063565 0.0063565 0.0074266 0.0063552 0.0085404 0.0085353 0.0085229 0.0063706 0.0063706 0.0063706 0.0042252 0.0063680 0.0042252 0.0074232 0.0042252 0.0000000 0.0162267 0.0218254 0.0151092 0.0140148 0.0129201 0.0241165 0.0241255 0.0263891 0.0218288 0.0195532 0.0184432 0.0151240 0.0311785 0.0288582 0.0382420 0.0370614 0.0358739 0.0370253 0.0441803 0.0369980 0.0275886 0.0276502 0.0542796 0.0585496 0.0691928 0.0702669 0.0744179 0.0688618 0.0704208 0.0613173 0.0696801 0.0613827 0.0672268 0.0349923 0.1215919 0.1148766 0.1180344 0.1171654 0.1295304 0.1264920 0.1295498 0.1253958 0.1268188 0.1323044 0.1323044 0.1255710 0.1333017 0.1334423 0.1336166 0.1457371 0.1159350 0.1011873 0.1042222 0.0997382 0.1029173 0.0985679 0.1175712 0.1147610 0.2045075 2.7115004 
Mandrillus_sphinx             0.1946987 0.1952960 0.1911340 0.2201727 0.2046763 0.2022576 0.2022576 0.1731216 0.1850644 0.1942352 0.0206414 0.0217601 0.0206456 0.0206456 0.0217657 0.0206414 0.0229994 0.0229854 0.0218247 0.0206931 0.0206931 0.0206931 0.0184177 0.0206844 0.0184177 0.0217556 0.0184177 0.0162267 0.0000000 0.0139304 0.0139646 0.0128765 0.0117884 0.0274512 0.0274615 0.0297373 0.0251453 0.0228508 0.0217349 0.0183965 0.0345765 0.0322419 0.0416843 0.0404969 0.0393017 0.0404574 0.0476549 0.0416129 0.0286424 0.0287063 0.0528407 0.0608387 0.0702448 0.0713147 0.0728123 0.0725328 0.0741133 0.0636484 0.0720488 0.0637162 0.0682901 0.0349923 0.1220904 0.1154139 0.1185530 0.1176860 0.1269228 0.1239223 0.1269415 0.1228326 0.1272818 0.1327397 0.1327397 0.1245075 0.1327811 0.1314016 0.1330936 0.1412628 0.1209756 0.1018043 0.1048221 0.1003637 0.1035256 0.0992018 0.1201540 0.1173405 0.2064347 2.7776296 
Cercocebus_atys               0.1972790 0.2027243 0.1984878 0.2228900 0.2158326 0.2079693 0.2079693 0.1767721 0.1853307 0.1945193 0.0240371 0.0251670 0.0240421 0.0240421 0.0251735 0.0240371 0.0264363 0.0264200 0.0263791 0.0240978 0.0240978 0.0240978 0.0217916 0.0240876 0.0217916 0.0251619 0.0217916 0.0218254 0.0139304 0.0000000 0.0195043 0.0184010 0.0172965 0.0286261 0.0309331 0.0309217 0.0285876 0.0262641 0.0251377 0.0217664 0.0381415 0.0357826 0.0453249 0.0441256 0.0429172 0.0440822 0.0513541 0.0452468 0.0344641 0.0345420 0.0467947 0.0622071 0.0664466 0.0675198 0.0716277 0.0687329 0.0702881 0.0624506 0.0708267 0.0625171 0.0683750 0.0473873 0.1177955 0.1111907 0.1143013 0.1105715 0.1196714 0.1167098 0.1196886 0.1156140 0.1229744 0.1236736 0.1236736 0.1168553 0.1284645 0.1270900 0.1287662 0.1352702 0.1166774 0.0977013 0.1006909 0.0962720 0.0965781 0.0951092 0.1188358 0.1160247 0.2029578 2.7956639 
Papio_hamadryas               0.2107286 0.2024163 0.2062908 0.2294771 0.2083710 0.2040708 0.2040708 0.1713615 0.1868199 0.1978107 0.0195089 0.0206232 0.0195128 0.0195128 0.0206285 0.0195089 0.0218521 0.0218387 0.0218053 0.0195575 0.0195575 0.0195575 0.0172934 0.0173247 0.0150861 0.0183931 0.0172934 0.0151092 0.0139646 0.0195043 0.0000000 0.0031572 0.0042180 0.0240181 0.0240270 0.0262809 0.0217398 0.0194743 0.0183690 0.0150635 0.0310488 0.0287387 0.0357317 0.0345633 0.0333888 0.0345299 0.0416096 0.0380158 0.0274750 0.0275361 0.0565380 0.0659589 0.0689091 0.0699793 0.0741107 0.0711945 0.0727646 0.0662183 0.0746923 0.0662890 0.0722304 0.0349923 0.1271096 0.1203157 0.1235039 0.1225932 0.1320250 0.1289828 0.1320449 0.1278923 0.1323416 0.1379560 0.1379560 0.1313358 0.1373834 0.1359964 0.1377081 0.1497964 0.1230147 0.1050934 0.1081484 0.1036367 0.1068416 0.1024700 0.1236656 0.1208258 0.1961970 2.7365542 
Papio_anubis                  0.2085622 0.2007709 0.2046336 0.2272525 0.2102544 0.2059856 0.2059856 0.1731452 0.1886684 0.1997113 0.0184052 0.0195168 0.0184089 0.0184089 0.0195218 0.0184052 0.0207370 0.0207243 0.0206927 0.0184511 0.0184511 0.0184511 0.0161951 0.0184433 0.0161951 0.0195128 0.0161951 0.0140148 0.0128765 0.0184010 0.0031572 0.0000000 0.0031593 0.0229017 0.0229102 0.0251589 0.0206306 0.0183727 0.0172699 0.0139725 0.0299077 0.0276036 0.0345779 0.0334123 0.0322410 0.0333801 0.0404417 0.0368582 0.0263476 0.0264061 0.0553252 0.0647117 0.0676483 0.0687196 0.0728372 0.0699332 0.0714950 0.0649658 0.0734081 0.0650351 0.0709493 0.0349923 0.1256649 0.1188950 0.1220736 0.1211742 0.1305798 0.1275448 0.1305994 0.1264529 0.1308928 0.1333090 0.1333090 0.1266155 0.1374165 0.1360291 0.1377412 0.1482897 0.1215753 0.1037157 0.1067614 0.1022628 0.1054562 0.1010957 0.1222333 0.1193986 0.1980792 2.7491639 
Theropithecus_gelada          0.2062782 0.2007709 0.2010331 0.2297159 0.2066180 0.2042388 0.2042388 0.1715010 0.1869731 0.1979742 0.0173004 0.0184089 0.0173039 0.0173039 0.0184137 0.0173004 0.0196203 0.0196083 0.0195784 0.0173434 0.0173434 0.0173434 0.0150961 0.0173362 0.0150961 0.0184052 0.0150961 0.0129201 0.0117884 0.0172965 0.0042180 0.0031593 0.0000000 0.0217833 0.0217913 0.0240342 0.0195197 0.0172699 0.0161699 0.0128812 0.0287630 0.0264653 0.0357562 0.0345869 0.0334115 0.0345534 0.0416382 0.0356954 0.0252174 0.0252733 0.0541030 0.0647117 0.0689591 0.0700300 0.0741647 0.0712461 0.0728176 0.0649658 0.0734081 0.0650351 0.0709493 0.0349923 0.1241929 0.1174488 0.1206170 0.1197295 0.1321274 0.1290828 0.1321474 0.1279917 0.1294157 0.1349547 0.1349547 0.1267140 0.1328019 0.1314222 0.1331145 0.1451799 0.1215753 0.1037157 0.1067614 0.1022628 0.1054562 0.1010957 0.1222333 0.1193986 0.1999208 2.7491639 
Cercopithecus_neglectus       0.2062782 0.2065679 0.2104835 0.2225053 0.2198725 0.1998319 0.1998319 0.1735655 0.1820639 0.1929530 0.0263410 0.0274794 0.0263464 0.0263464 0.0274865 0.0263410 0.0287700 0.0276107 0.0298751 0.0264078 0.0264078 0.0264078 0.0240791 0.0263966 0.0240791 0.0251994 0.0240791 0.0241165 0.0274512 0.0286261 0.0240181 0.0229017 0.0217833 0.0000000 0.0084950 0.0106873 0.0095956 0.0106635 0.0117543 0.0085126 0.0264138 0.0241353 0.0356791 0.0345125 0.0333399 0.0344792 0.0391676 0.0356186 0.0251645 0.0252201 0.0490675 0.0619983 0.0661935 0.0672630 0.0713529 0.0710802 0.0726470 0.0622401 0.0705831 0.0623061 0.0681401 0.0349923 0.1208833 0.1142155 0.1158250 0.1149788 0.1302759 0.1272488 0.1302954 0.1261589 0.1275760 0.1314178 0.1314178 0.1263356 0.1340365 0.1326574 0.1343517 0.1447889 0.1197117 0.1077936 0.1108649 0.1063305 0.1066718 0.1051654 0.1234081 0.1205747 0.2040300 2.7581097 
Cercopithecus_diana           0.2062782 0.2065679 0.2068410 0.2176923 0.2198725 0.1998319 0.1998319 0.1700968 0.1820639 0.1929530 0.0263508 0.0274897 0.0263562 0.0263562 0.0274968 0.0263508 0.0287808 0.0253245 0.0275781 0.0264177 0.0264177 0.0264177 0.0240880 0.0264065 0.0240880 0.0252088 0.0240880 0.0241255 0.0274615 0.0309331 0.0240270 0.0229102 0.0217913 0.0084950 0.0000000 0.0128726 0.0106813 0.0106673 0.0117585 0.0085156 0.0264237 0.0241443 0.0356928 0.0345257 0.0333526 0.0344924 0.0415637 0.0356322 0.0251738 0.0252295 0.0515272 0.0620237 0.0662209 0.0672908 0.0713827 0.0711097 0.0726774 0.0622657 0.0706127 0.0623318 0.0681687 0.0473873 0.1223729 0.1156778 0.1188253 0.1179543 0.1302759 0.1272488 0.1302954 0.1261589 0.1275760 0.1299193 0.1299193 0.1248076 0.1340365 0.1326574 0.1358779 0.1447889 0.1197117 0.1020325 0.1050582 0.1005882 0.1037587 0.0994239 0.1204306 0.1176102 0.2059373 2.7584728 
Cercopithecus_mitis           0.2092407 0.2045569 0.2084531 0.2255789 0.2178019 0.2101274 0.2101274 0.1804847 0.1838077 0.1984136 0.0286228 0.0297680 0.0286288 0.0286288 0.0297757 0.0286228 0.0310780 0.0299109 0.0321862 0.0286958 0.0286958 0.0286958 0.0263480 0.0286836 0.0263480 0.0251902 0.0263480 0.0263891 0.0297373 0.0309217 0.0262809 0.0251589 0.0240342 0.0106873 0.0128726 0.0000000 0.0117632 0.0128346 0.0139332 0.0106727 0.0287022 0.0264096 0.0380250 0.0368515 0.0356712 0.0368158 0.0439272 0.0379603 0.0251553 0.0252109 0.0539830 0.0645646 0.0688006 0.0698692 0.0739930 0.0737089 0.0752951 0.0648176 0.0732371 0.0648866 0.0707842 0.0473873 0.1269416 0.1201593 0.1217945 0.1208993 0.1302213 0.1302557 0.1333203 0.1291679 0.1305910 0.1329959 0.1329959 0.1311541 0.1402334 0.1388440 0.1405650 0.1511692 0.1257697 0.1077973 0.1108686 0.1063342 0.1095594 0.1051690 0.1264631 0.1236155 0.2094579 2.7436120 
Chlorocebus_aethiops          0.2020394 0.2009118 0.2047786 0.2181818 0.2140680 0.2025231 0.2025231 0.1699559 0.1853029 0.1926979 0.0240407 0.0251709 0.0240457 0.0240457 0.0251774 0.0240407 0.0264405 0.0252906 0.0275412 0.0229716 0.0229716 0.0229716 0.0217947 0.0240912 0.0217947 0.0251657 0.0217947 0.0218288 0.0251453 0.0285876 0.0217398 0.0206306 0.0195197 0.0095956 0.0106813 0.0117632 0.0000000 0.0063497 0.0095762 0.0063573 0.0263783 0.0241030 0.0333023 0.0321442 0.0309808 0.0321134 0.0391287 0.0309358 0.0228764 0.0229267 0.0514539 0.0606724 0.0648574 0.0671912 0.0699814 0.0710039 0.0725686 0.0609083 0.0692051 0.0609727 0.0654455 0.0473873 0.1234374 0.1167430 0.1142255 0.1192849 0.1286214 0.1256070 0.1256486 0.1245170 0.1244397 0.1297608 0.1297608 0.1246518 0.1338745 0.1324972 0.1341890 0.1414230 0.1195683 0.1019145 0.1049361 0.1004721 0.1036382 0.0993091 0.1202871 0.1174704 0.2020038 2.7569484 
Erythrocebus_patas            0.2037961 0.2022594 0.2061307 0.2199507 0.2154268 0.2020776 0.2020776 0.1729671 0.1814300 0.1922735 0.0195181 0.0206330 0.0217568 0.0217568 0.0228798 0.0217524 0.0241220 0.0229819 0.0252177 0.0218069 0.0218069 0.0218069 0.0195231 0.0217977 0.0195231 0.0228692 0.0195231 0.0195532 0.0228508 0.0262641 0.0194743 0.0183727 0.0172699 0.0106635 0.0106673 0.0128346 0.0063497 0.0000000 0.0074137 0.0042186 0.0240659 0.0218085 0.0286379 0.0274954 0.0263490 0.0274693 0.0343876 0.0308824 0.0206006 0.0206456 0.0489299 0.0593041 0.0609087 0.0619780 0.0659917 0.0657423 0.0672672 0.0595338 0.0677773 0.0595966 0.0627513 0.0600231 0.1190082 0.1123939 0.1155075 0.1146659 0.1253773 0.1223870 0.1253957 0.1212966 0.1227000 0.1264499 0.1264499 0.1212880 0.1305737 0.1292041 0.1308790 0.1411953 0.1163640 0.0988917 0.1018847 0.0974614 0.1005939 0.0963007 0.1170950 0.1142970 0.2033851 2.7804111 
Allenopithecus_nigroviridis   0.2040020 0.2041593 0.2080471 0.2201727 0.2156432 0.2040278 0.2040278 0.1747932 0.1832986 0.1941960 0.0206383 0.0217568 0.0206425 0.0206425 0.0217624 0.0206383 0.0229960 0.0218594 0.0240903 0.0206900 0.0206900 0.0206900 0.0184149 0.0206813 0.0184149 0.0217524 0.0184149 0.0184432 0.0217349 0.0251377 0.0183690 0.0172699 0.0161699 0.0117543 0.0117585 0.0139332 0.0095762 0.0074137 0.0000000 0.0031592 0.0252131 0.0229473 0.0321074 0.0309541 0.0297958 0.0309245 0.0379104 0.0320533 0.0194915 0.0195340 0.0477308 0.0605994 0.0647644 0.0658324 0.0698959 0.0696300 0.0711832 0.0608347 0.0678240 0.0608990 0.0666871 0.0473873 0.1220990 0.1154222 0.1185614 0.1176943 0.1299842 0.1269648 0.1300036 0.1258768 0.1272906 0.1296233 0.1296233 0.1229012 0.1337339 0.1323581 0.1340477 0.1444559 0.1164261 0.1018117 0.1048297 0.1003709 0.1035331 0.0992090 0.1201625 0.1173489 0.2053345 2.7199900 
Miopithecus_talapoin          0.1995328 0.1989900 0.2028389 0.2155948 0.2120909 0.1987214 0.1987214 0.1697777 0.1781809 0.1889490 0.0173060 0.0184149 0.0173095 0.0173095 0.0184196 0.0173060 0.0196267 0.0185011 0.0207166 0.0173490 0.0173490 0.0173490 0.0151009 0.0173418 0.0151009 0.0184112 0.0151009 0.0151240 0.0183965 0.0217664 0.0150635 0.0139725 0.0128812 0.0085126 0.0085156 0.0106727 0.0063573 0.0042186 0.0031592 0.0000000 0.0218314 0.0195856 0.0286635 0.0275200 0.0263725 0.0274938 0.0344186 0.0286154 0.0183928 0.0184328 0.0465551 0.0568570 0.0609665 0.0620366 0.0660546 0.0658048 0.0673314 0.0570765 0.0652581 0.0571366 0.0628376 0.0473873 0.1191314 0.1125090 0.1156262 0.1147829 0.1269951 0.1239928 0.1270138 0.1229026 0.1243105 0.1265828 0.1265828 0.1198141 0.1307096 0.1293386 0.1310156 0.1413447 0.1164844 0.0989913 0.1019877 0.0975594 0.1006956 0.0963977 0.1172156 0.1144146 0.2000321 2.7439667 
Rhinopithecus_brelichi        0.2184842 0.2179929 0.2220108 0.2400271 0.2316090 0.2156792 0.2156792 0.1855170 0.1979960 0.2093831 0.0334461 0.0346128 0.0334531 0.0334531 0.0346218 0.0334461 0.0359727 0.0347816 0.0370944 0.0335327 0.0335327 0.0335327 0.0311294 0.0335182 0.0311294 0.0322743 0.0311294 0.0311785 0.0345765 0.0381415 0.0310488 0.0299077 0.0287630 0.0264138 0.0264237 0.0287022 0.0263783 0.0240659 0.0252131 0.0218314 0.0000000 0.0021061 0.0195240 0.0184120 0.0172986 0.0183948 0.0228700 0.0194918 0.0161819 0.0162170 0.0566066 0.0673063 0.0703103 0.0713811 0.0755352 0.0726306 0.0742136 0.0649721 0.0704373 0.0650414 0.0709558 0.0472807 0.1318234 0.1249349 0.1281617 0.1241711 0.1382450 0.1351642 0.1382664 0.1340774 0.1355137 0.1421827 0.1421827 0.1373107 0.1367981 0.1354169 0.1371200 0.1492769 0.1291284 0.1109558 0.1140586 0.1094793 0.1127413 0.1083114 0.1298091 0.1269402 0.2132969 2.7159505 
Rhinopithecus_roxellana       0.2162236 0.2143494 0.2183376 0.2376941 0.2278766 0.2119401 0.2119401 0.1819948 0.1943761 0.2056673 0.0311160 0.0322756 0.0311225 0.0311225 0.0322840 0.0311160 0.0336152 0.0324323 0.0347337 0.0311962 0.0311962 0.0311962 0.0288129 0.0311827 0.0288129 0.0299519 0.0288129 0.0288582 0.0322419 0.0357826 0.0287387 0.0276036 0.0264653 0.0241353 0.0241443 0.0264096 0.0241030 0.0218085 0.0229473 0.0195856 0.0021061 0.0000000 0.0172996 0.0161944 0.0150883 0.0161793 0.0206263 0.0172711 0.0139799 0.0140100 0.0541206 0.0647325 0.0689812 0.0700522 0.0741882 0.0712984 0.0728713 0.0624039 0.0678251 0.0624702 0.0683225 0.0472807 0.1287527 0.1219223 0.1251256 0.1211792 0.1351604 0.1320980 0.1351811 0.1310091 0.1324392 0.1390297 0.1390297 0.1340972 0.1337203 0.1323444 0.1340341 0.1460964 0.1260667 0.1080425 0.1111223 0.1065756 0.1098099 0.1054080 0.1267604 0.1239053 0.2095824 2.7159505 
Trachypithecus_auratus        0.2128371 0.2072398 0.2148494 0.2367412 0.2243324 0.2252170 0.2252170 0.1908838 0.1962216 0.2075600 0.0381711 0.0393528 0.0405487 0.0405487 0.0417398 0.0405401 0.0431516 0.0419353 0.0442835 0.0406465 0.0406465 0.0406465 0.0381810 0.0406287 0.0381810 0.0417199 0.0381810 0.0382420 0.0416843 0.0453249 0.0357317 0.0345779 0.0357562 0.0356791 0.0356928 0.0380250 0.0333023 0.0286379 0.0321074 0.0286635 0.0195240 0.0172996 0.0000000 0.0010477 0.0042292 0.0052921 0.0117527 0.0217322 0.0206374 0.0206825 0.0616381 0.0712382 0.0716391 0.0727096 0.0768821 0.0713556 0.0729303 0.0689229 0.0774889 0.0689968 0.0776768 0.0598860 0.1318604 0.1249693 0.1281973 0.1242050 0.1336803 0.1337159 0.1368108 0.1326275 0.1371190 0.1396663 0.1396663 0.1379913 0.1368364 0.1354548 0.1371585 0.1499992 0.1276788 0.1066810 0.1097525 0.1052173 0.1084413 0.1040489 0.1253507 0.1224997 0.2228684 2.7476096 
