10
Pan_paniscus         0.0000000 0.0091103 0.0361824 0.1003111 0.0873012 0.0905945 0.0909523 0.0847219 0.1836834 0.2093214 
Pan_troglodytes      0.0091103 0.0000000 0.0264068 0.0900350 0.0773792 0.0806533 0.0809699 0.0747288 0.1819199 0.1961260 
Homo_sapiens         0.0361824 0.0264068 0.0000000 0.0827072 0.0703670 0.0736107 0.0738974 0.0741989 0.1806703 0.2104750 
Rhinopithecus_bieti  0.1003111 0.0900350 0.0827072 0.0000000 0.0509919 0.0542242 0.0544353 0.0611938 0.1448781 0.1985991 
Theropithecus_gelada 0.0873012 0.0773792 0.0703670 0.0509919 0.0000000 0.0030127 0.0090883 0.0213711 0.1392904 0.1629151 
Papio_anubis         0.0905945 0.0806533 0.0736107 0.0542242 0.0030127 0.0000000 0.0121297 0.0244464 0.1427584 0.1664335 
Cercocebus_atys      0.0909523 0.0809699 0.0738974 0.0544353 0.0090883 0.0121297 0.0000000 0.0245372 0.1433398 0.1740483 
Macaca_fascicularis  0.0847219 0.0747288 0.0741989 0.0611938 0.0213711 0.0244464 0.0245372 0.0000000 0.1326395 0.1643960 
Saimiri_boliviensis  0.1836834 0.1819199 0.1806703 0.1448781 0.1392904 0.1427584 0.1433398 0.1326395 0.0000000 0.2260380 
Nycticebus_coucang   0.2093214 0.1961260 0.2104750 0.1985991 0.1629151 0.1664335 0.1740483 0.1643960 0.2260380 0.0000000 
