164
Pygathrix_nigripes                  0.0000000 0.0040498 0.0020042 0.0040498 0.0061299 0.0061299 0.0040487 0.0104708 0.0020042 0.0105870 0.0062289 0.0062289 0.0062289 0.0083704 0.0040487 0.0070516 0.0082796 0.0083689 0.0061420 0.0104006 0.0104006 0.0171203 0.0314123 0.0290141 0.0340524 0.0339865 0.0341110 0.0313947 0.0289979 0.0289979 0.0310416 0.0289929 0.0290639 0.0289929 0.0315750 0.0315201 0.0243107 0.0289929 0.0243566 0.0315954 0.0365557 0.0349967 0.0366911 0.0367690 0.0362972 0.0362972 0.0338374 0.0319596 0.0342615 0.0266128 0.0242554 0.0266176 0.0243020 0.0362844 0.0362844 0.0363676 0.0364121 0.0340450 0.0343414 0.0342036 0.0362844 0.0387591 0.0417131 0.0333232 0.0684588 0.0684588 0.0712066 0.0603355 0.0657577 0.0582644 0.0630357 0.0657693 0.0639668 0.0605631 0.0545835 0.0545835 0.0600983 0.0666438 0.0549430 0.0545835 0.0631771 0.0631771 0.0605558 0.0632995 0.0717597 0.0710170 0.0732959 0.1180081 0.0823501 0.0739509 0.0739509 0.0684231 0.0798618 0.0802286 0.0660214 0.0677207 0.0797261 0.0775779 0.0798239 0.0826770 0.0802322 0.0780866 0.0714863 0.0217519 0.0217519 0.0149180 0.0171733 0.0247344 0.0242554 0.0267986 0.0306527 0.0266730 0.0266176 0.0266176 0.0243105 0.0363739 0.0367046 0.0363739 0.0389045 0.0243057 0.0245187 0.0268975 0.0269590 0.0291135 0.0363842 0.0314489 0.0196500 0.0172984 0.0195407 0.0196507 0.0195916 0.0224207 0.0224207 0.0243638 0.0149180 0.0126499 0.0126927 0.0150124 0.0083121 0.0040493 0.0040493 0.0040498 0.0040908 0.0083051 0.0062173 0.0040498 0.0020042 0.0062420 0.0083704 0.0062289 0.0063212 0.0105407 0.0091390 0.0128719 0.0062289 0.0062289 0.0067449 0.0062289 0.0062289 0.0421611 0.0220295 0.0171733 3.4398614 3.4398614 
Trachypithecus_phayrei              0.0040498 0.0000000 0.0020048 0.0040510 0.0061317 0.0061317 0.0040498 0.0104742 0.0020048 0.0105905 0.0062308 0.0062308 0.0062308 0.0083731 0.0040498 0.0070541 0.0082822 0.0083716 0.0061438 0.0104040 0.0104040 0.0171262 0.0314237 0.0290246 0.0340648 0.0339989 0.0341234 0.0314060 0.0290083 0.0290083 0.0310545 0.0290034 0.0290745 0.0290034 0.0315873 0.0315315 0.0243194 0.0290034 0.0243653 0.0316068 0.0365691 0.0350098 0.0367046 0.0367826 0.0363105 0.0363105 0.0338497 0.0319714 0.0342741 0.0266223 0.0242640 0.0266272 0.0243107 0.0362977 0.0362977 0.0363809 0.0364254 0.0340574 0.0343540 0.0342161 0.0362977 0.0387733 0.0417286 0.0333370 0.0684849 0.0684849 0.0712338 0.0603583 0.0657827 0.0582886 0.0630596 0.0657943 0.0639914 0.0605861 0.0546039 0.0546039 0.0601210 0.0666727 0.0549637 0.0546039 0.0632011 0.0632011 0.0605787 0.0633235 0.0717894 0.0710441 0.0733280 0.1230649 0.0823863 0.0739792 0.0739792 0.0684492 0.0798928 0.0802598 0.0660465 0.0677505 0.0797569 0.0776125 0.0798547 0.0827091 0.0802634 0.0781172 0.0715137 0.0217596 0.0217596 0.0149231 0.0171793 0.0247434 0.0242640 0.0268083 0.0306653 0.0266825 0.0266272 0.0266272 0.0243192 0.0363872 0.0367182 0.0363872 0.0389188 0.0243143 0.0245275 0.0269072 0.0269688 0.0291240 0.0363975 0.0314603 0.0196569 0.0173044 0.0195476 0.0145092 0.0150469 0.0224297 0.0224297 0.0243724 0.0149231 0.0126541 0.0126969 0.0150175 0.0083147 0.0040505 0.0040505 0.0040510 0.0040920 0.0083077 0.0062192 0.0040510 0.0020048 0.0062439 0.0083731 0.0062308 0.0063232 0.0105441 0.0091422 0.0128762 0.0062308 0.0062308 0.0067471 0.0062308 0.0062308 0.0421828 0.0220373 0.0171793 3.4951228 3.4951228 
Trachypithecus_obscurus             0.0020042 0.0020048 0.0000000 0.0020048 0.0040493 0.0040493 0.0020042 0.0083105 0.0000010 0.0084099 0.0041198 0.0041198 0.0041198 0.0062299 0.0020042 0.0046567 0.0061552 0.0062289 0.0040573 0.0082504 0.0082504 0.0148676 0.0290086 0.0266322 0.0316162 0.0315553 0.0316733 0.0289924 0.0266173 0.0266173 0.0282845 0.0266128 0.0266787 0.0266128 0.0289749 0.0291135 0.0219712 0.0266128 0.0220125 0.0291859 0.0340900 0.0324849 0.0342208 0.0342933 0.0338497 0.0338497 0.0314120 0.0295124 0.0318099 0.0242554 0.0219213 0.0242598 0.0219633 0.0338378 0.0338378 0.0339150 0.0339614 0.0316094 0.0318838 0.0317509 0.0338378 0.0362911 0.0391953 0.0305736 0.0657308 0.0657308 0.0684588 0.0576679 0.0630485 0.0553437 0.0603472 0.0630596 0.0612371 0.0578863 0.0519731 0.0519731 0.0574403 0.0635536 0.0523181 0.0519731 0.0604825 0.0604825 0.0578766 0.0606002 0.0687843 0.0682759 0.0701368 0.1180081 0.0791369 0.0711841 0.0711841 0.0656968 0.0770432 0.0773964 0.0633027 0.0645774 0.0769132 0.0743435 0.0770073 0.0798400 0.0774003 0.0752475 0.0687281 0.0194500 0.0194500 0.0126969 0.0149231 0.0223528 0.0219213 0.0244339 0.0279241 0.0243101 0.0242598 0.0242598 0.0219710 0.0339209 0.0342285 0.0339209 0.0364314 0.0219666 0.0221584 0.0245140 0.0245699 0.0267291 0.0339355 0.0290423 0.0173625 0.0150377 0.0172597 0.0170611 0.0173054 0.0197932 0.0197932 0.0220253 0.0126969 0.0104614 0.0104997 0.0127767 0.0061830 0.0020046 0.0020046 0.0020048 0.0020249 0.0061779 0.0041111 0.0020048 0.0000010 0.0041282 0.0062299 0.0041198 0.0041803 0.0083704 0.0068038 0.0106585 0.0041198 0.0041198 0.0044590 0.0041198 0.0041198 0.0386645 0.0197142 0.0149231 3.4398614 3.4398614 
Trachypithecus_hatinhensis          0.0040498 0.0040510 0.0020048 0.0000000 0.0061317 0.0061317 0.0040498 0.0104742 0.0020048 0.0105905 0.0062308 0.0062308 0.0062308 0.0083731 0.0040498 0.0070541 0.0082822 0.0083716 0.0061438 0.0104040 0.0104040 0.0171262 0.0314237 0.0290246 0.0340648 0.0339989 0.0341234 0.0314060 0.0290083 0.0290083 0.0310545 0.0290034 0.0290745 0.0290034 0.0315873 0.0315315 0.0243194 0.0290034 0.0243653 0.0316068 0.0365691 0.0350098 0.0367046 0.0367826 0.0363105 0.0363105 0.0338497 0.0319714 0.0342741 0.0266223 0.0242640 0.0266272 0.0243107 0.0362977 0.0362977 0.0363809 0.0364254 0.0340574 0.0343540 0.0342161 0.0362977 0.0387733 0.0417286 0.0333370 0.0657308 0.0657308 0.0684588 0.0576679 0.0630485 0.0553437 0.0603472 0.0630596 0.0612371 0.0578863 0.0519731 0.0519731 0.0574403 0.0635536 0.0523181 0.0519731 0.0604825 0.0604825 0.0578766 0.0606002 0.0687843 0.0682759 0.0701368 0.1180081 0.0791369 0.0711841 0.0711841 0.0656968 0.0770432 0.0773964 0.0633027 0.0645774 0.0769132 0.0743435 0.0770073 0.0798400 0.0774003 0.0752475 0.0687281 0.0217596 0.0217596 0.0149231 0.0171793 0.0247434 0.0242640 0.0268083 0.0306653 0.0266825 0.0266272 0.0266272 0.0243192 0.0363872 0.0367182 0.0363872 0.0389188 0.0243143 0.0245275 0.0269072 0.0269688 0.0291240 0.0363975 0.0314603 0.0196569 0.0173044 0.0195476 0.0196585 0.0195986 0.0224297 0.0224297 0.0243724 0.0149231 0.0126541 0.0126969 0.0150175 0.0083147 0.0040505 0.0040505 0.0000010 0.0040920 0.0083077 0.0062192 0.0000010 0.0020048 0.0062439 0.0083731 0.0062308 0.0063232 0.0105441 0.0091422 0.0128762 0.0062308 0.0062308 0.0067471 0.0062308 0.0062308 0.0421828 0.0220373 0.0171793 3.4951228 3.4951228 
Cercopithecus_wolfi_wolfi           0.0061299 0.0061317 0.0040493 0.0061317 0.0000000 0.0000010 0.0020042 0.0083105 0.0040493 0.0127943 0.0083704 0.0083704 0.0083704 0.0105425 0.0020042 0.0046567 0.0061552 0.0062289 0.0040573 0.0082504 0.0082504 0.0148676 0.0338440 0.0314241 0.0365168 0.0364459 0.0365769 0.0338249 0.0314064 0.0314064 0.0338346 0.0314010 0.0314787 0.0314010 0.0342072 0.0339547 0.0266785 0.0314010 0.0267289 0.0340329 0.0390498 0.0375380 0.0391899 0.0392734 0.0387728 0.0387728 0.0362907 0.0344355 0.0367417 0.0289982 0.0266176 0.0290035 0.0266689 0.0387591 0.0387591 0.0388482 0.0388911 0.0365087 0.0368276 0.0366847 0.0387591 0.0412553 0.0442597 0.0361081 0.0657308 0.0657308 0.0684588 0.0576679 0.0630485 0.0553437 0.0603472 0.0630596 0.0612371 0.0578863 0.0519731 0.0519731 0.0574403 0.0635536 0.0523181 0.0519731 0.0604825 0.0604825 0.0578766 0.0632024 0.0687843 0.0682759 0.0764988 0.1280564 0.0856083 0.0767528 0.0767528 0.0711835 0.0827171 0.0830979 0.0687743 0.0709071 0.0739940 0.0743435 0.0770073 0.0798400 0.0774003 0.0752475 0.0658767 0.0240826 0.0240826 0.0171704 0.0194533 0.0271451 0.0266176 0.0291912 0.0334168 0.0290640 0.0290035 0.0290035 0.0266783 0.0388550 0.0392093 0.0388550 0.0414060 0.0266730 0.0269075 0.0293095 0.0293768 0.0315258 0.0388611 0.0338835 0.0219656 0.0195881 0.0218504 0.0222779 0.0219084 0.0250841 0.0250841 0.0267300 0.0171704 0.0148701 0.0149156 0.0172801 0.0104746 0.0020046 0.0020046 0.0061317 0.0020249 0.0104657 0.0083569 0.0061317 0.0040493 0.0083879 0.0105425 0.0083704 0.0084949 0.0127419 0.0115081 0.0151137 0.0083704 0.0083704 0.0090677 0.0083704 0.0083704 0.0457108 0.0243728 0.0194533 3.3412102 3.3412102 
Cercopithecus_albogularis_kolbi     0.0061299 0.0061317 0.0040493 0.0061317 0.0000010 0.0000000 0.0020042 0.0083105 0.0040493 0.0127943 0.0083704 0.0083704 0.0083704 0.0105425 0.0020042 0.0046567 0.0061552 0.0062289 0.0040573 0.0082504 0.0082504 0.0148676 0.0338440 0.0314241 0.0365168 0.0364459 0.0365769 0.0338249 0.0314064 0.0314064 0.0338346 0.0314010 0.0314787 0.0314010 0.0342072 0.0339547 0.0266785 0.0314010 0.0267289 0.0340329 0.0390498 0.0375380 0.0391899 0.0392734 0.0387728 0.0387728 0.0362907 0.0344355 0.0367417 0.0289982 0.0266176 0.0290035 0.0266689 0.0387591 0.0387591 0.0388482 0.0388911 0.0365087 0.0368276 0.0366847 0.0387591 0.0412553 0.0442597 0.0361081 0.0657308 0.0657308 0.0684588 0.0576679 0.0630485 0.0553437 0.0603472 0.0630596 0.0612371 0.0578863 0.0519731 0.0519731 0.0574403 0.0635536 0.0523181 0.0519731 0.0604825 0.0604825 0.0578766 0.0632024 0.0687843 0.0682759 0.0764988 0.1280564 0.0856083 0.0767528 0.0767528 0.0711835 0.0827171 0.0830979 0.0687743 0.0709071 0.0739940 0.0743435 0.0770073 0.0798400 0.0774003 0.0752475 0.0658767 0.0240826 0.0240826 0.0171704 0.0194533 0.0271451 0.0266176 0.0291912 0.0334168 0.0290640 0.0290035 0.0290035 0.0266783 0.0388550 0.0392093 0.0388550 0.0414060 0.0266730 0.0269075 0.0293095 0.0293768 0.0315258 0.0388611 0.0338835 0.0219656 0.0195881 0.0218504 0.0222779 0.0219084 0.0250841 0.0250841 0.0267300 0.0171704 0.0148701 0.0149156 0.0172801 0.0104746 0.0020046 0.0020046 0.0061317 0.0020249 0.0104657 0.0083569 0.0061317 0.0040493 0.0083879 0.0105425 0.0083704 0.0084949 0.0127419 0.0115081 0.0151137 0.0083704 0.0083704 0.0090677 0.0083704 0.0083704 0.0457108 0.0243728 0.0194533 3.3412102 3.3412102 
Cercopithecus_ascanius_schmidti     0.0040487 0.0040498 0.0020042 0.0040498 0.0020042 0.0020042 0.0000000 0.0061807 0.0020042 0.0105870 0.0062289 0.0062289 0.0062289 0.0083704 0.0000010 0.0023049 0.0040652 0.0041191 0.0020080 0.0061325 0.0061325 0.0126417 0.0314123 0.0290141 0.0340524 0.0339865 0.0341110 0.0313947 0.0289979 0.0289979 0.0310416 0.0289929 0.0290639 0.0289929 0.0315750 0.0315201 0.0243107 0.0289929 0.0243566 0.0315954 0.0365557 0.0349967 0.0366911 0.0367690 0.0362972 0.0362972 0.0338374 0.0319596 0.0342615 0.0266128 0.0242554 0.0266176 0.0243020 0.0362844 0.0362844 0.0363676 0.0364121 0.0340450 0.0343414 0.0342036 0.0362844 0.0387591 0.0417131 0.0333232 0.0684588 0.0684588 0.0712066 0.0603355 0.0657577 0.0582644 0.0630357 0.0657693 0.0639668 0.0605631 0.0545835 0.0545835 0.0600983 0.0666438 0.0549430 0.0545835 0.0631771 0.0631771 0.0605558 0.0632995 0.0717597 0.0710170 0.0732959 0.1229847 0.0823501 0.0739509 0.0739509 0.0684231 0.0798618 0.0802286 0.0660214 0.0677207 0.0741055 0.0711194 0.0741957 0.0770073 0.0745737 0.0724150 0.0659771 0.0217519 0.0217519 0.0149180 0.0171733 0.0247344 0.0242554 0.0267986 0.0306527 0.0266730 0.0266176 0.0266176 0.0243105 0.0363739 0.0367046 0.0363739 0.0389045 0.0243057 0.0245187 0.0268975 0.0269590 0.0291135 0.0363842 0.0314489 0.0196500 0.0172984 0.0195407 0.0196507 0.0195916 0.0224207 0.0224207 0.0243638 0.0149180 0.0126499 0.0126927 0.0150124 0.0083121 0.0040493 0.0040493 0.0040498 0.0040908 0.0083051 0.0062173 0.0040498 0.0020042 0.0062420 0.0083704 0.0062289 0.0063212 0.0105407 0.0091390 0.0128719 0.0062289 0.0062289 0.0067449 0.0062289 0.0062289 0.0421611 0.0220295 0.0171733 3.3870497 3.3870497 
Allochrocebus_lhoesti               0.0104708 0.0104742 0.0083105 0.0104742 0.0083105 0.0083105 0.0061807 0.0000000 0.0083105 0.0173911 0.0128284 0.0128284 0.0128284 0.0150665 0.0061807 0.0095704 0.0105148 0.0106174 0.0083271 0.0040866 0.0040866 0.0105253 0.0389192 0.0364521 0.0416637 0.0415821 0.0417271 0.0388970 0.0364314 0.0364314 0.0396781 0.0364251 0.0365163 0.0364251 0.0397084 0.0390366 0.0316155 0.0364251 0.0316762 0.0391213 0.0442612 0.0428484 0.0444123 0.0445077 0.0439448 0.0439448 0.0414135 0.0396049 0.0419223 0.0339735 0.0315433 0.0339797 0.0316041 0.0439292 0.0439292 0.0440310 0.0440709 0.0416543 0.0420211 0.0418667 0.0439292 0.0464732 0.0495882 0.0419350 0.0770654 0.0770654 0.0798844 0.0687289 0.0742973 0.0674642 0.0715021 0.0743104 0.0725693 0.0689882 0.0627778 0.0627778 0.0684588 0.0764119 0.0631867 0.0627778 0.0716646 0.0716646 0.0689859 0.0718027 0.0811726 0.0796709 0.0833100 0.1392100 0.0925665 0.0826984 0.0826984 0.0770253 0.0887948 0.0892068 0.0745952 0.0743928 0.0828720 0.0778815 0.0829744 0.0858603 0.0834017 0.0812574 0.0745441 0.0289426 0.0289426 0.0218664 0.0242070 0.0321736 0.0315433 0.0341817 0.0391978 0.0340512 0.0339797 0.0339797 0.0316153 0.0440387 0.0444434 0.0440387 0.0466362 0.0316094 0.0318897 0.0343412 0.0344207 0.0365593 0.0440365 0.0389650 0.0267915 0.0243605 0.0266649 0.0277693 0.0267360 0.0306496 0.0306496 0.0316639 0.0218664 0.0194990 0.0195517 0.0220070 0.0149822 0.0104726 0.0104726 0.0104742 0.0105829 0.0149690 0.0128135 0.0104742 0.0083105 0.0128549 0.0150665 0.0128284 0.0130212 0.0173283 0.0164452 0.0197811 0.0128284 0.0128284 0.0139115 0.0128284 0.0128284 0.0495293 0.0292571 0.0242070 3.3937404 3.3937404 
Nasalis_larvatus                    0.0020042 0.0020048 0.0000010 0.0020048 0.0040493 0.0040493 0.0020042 0.0083105 0.0000000 0.0084099 0.0041198 0.0041198 0.0041198 0.0062299 0.0020042 0.0046567 0.0061552 0.0062289 0.0040573 0.0082504 0.0082504 0.0148676 0.0290086 0.0266322 0.0316162 0.0315553 0.0316733 0.0289924 0.0266173 0.0266173 0.0282845 0.0266128 0.0266787 0.0266128 0.0289749 0.0291135 0.0219712 0.0266128 0.0220125 0.0291859 0.0340900 0.0324849 0.0342208 0.0342933 0.0338497 0.0338497 0.0314120 0.0295124 0.0318099 0.0242554 0.0219213 0.0242598 0.0219633 0.0338378 0.0338378 0.0339150 0.0339614 0.0316094 0.0318838 0.0317509 0.0338378 0.0362911 0.0391953 0.0305736 0.0657308 0.0657308 0.0684588 0.0576679 0.0630485 0.0553437 0.0603472 0.0630596 0.0612371 0.0578863 0.0519731 0.0519731 0.0574403 0.0635536 0.0523181 0.0519731 0.0604825 0.0604825 0.0578766 0.0606002 0.0687843 0.0682759 0.0701368 0.1180081 0.0791369 0.0711841 0.0711841 0.0656968 0.0770432 0.0773964 0.0633027 0.0645774 0.0769132 0.0743435 0.0770073 0.0798400 0.0774003 0.0752475 0.0687281 0.0194500 0.0194500 0.0126969 0.0149231 0.0223528 0.0219213 0.0244339 0.0279241 0.0243101 0.0242598 0.0242598 0.0219710 0.0339209 0.0342285 0.0339209 0.0364314 0.0219666 0.0221584 0.0245140 0.0245699 0.0267291 0.0339355 0.0290423 0.0173625 0.0150377 0.0172597 0.0170611 0.0173054 0.0197932 0.0197932 0.0220253 0.0126969 0.0104614 0.0104997 0.0127767 0.0061830 0.0020046 0.0020046 0.0020048 0.0020249 0.0061779 0.0041111 0.0020048 0.0000010 0.0041282 0.0062299 0.0041198 0.0041803 0.0083704 0.0068038 0.0106585 0.0041198 0.0041198 0.0044590 0.0041198 0.0041198 0.0386645 0.0197142 0.0149231 3.4398614 3.4398614 
Presbytis_comata                    0.0105870 0.0105905 0.0084099 0.0105905 0.0127943 0.0127943 0.0105870 0.0173911 0.0084099 0.0000000 0.0129618 0.0129618 0.0129618 0.0152125 0.0105870 0.0147504 0.0150908 0.0152098 0.0128202 0.0172975 0.0172975 0.0243527 0.0366550 0.0342014 0.0393760 0.0392990 0.0394381 0.0366342 0.0341820 0.0341820 0.0370700 0.0341761 0.0342616 0.0341761 0.0372548 0.0367696 0.0293909 0.0341761 0.0294471 0.0368517 0.0419537 0.0404916 0.0421003 0.0421907 0.0416538 0.0416538 0.0391360 0.0373006 0.0396205 0.0317390 0.0293238 0.0317448 0.0293803 0.0416390 0.0416390 0.0417355 0.0417767 0.0393673 0.0397138 0.0395642 0.0416390 0.0441707 0.0472482 0.0393429 0.0774755 0.0774755 0.0803105 0.0690936 0.0746921 0.0678590 0.0718816 0.0747053 0.0729597 0.0693555 0.0631103 0.0631103 0.0688209 0.0735287 0.0635229 0.0631103 0.0692379 0.0692379 0.0665629 0.0721852 0.0816418 0.0744477 0.0838211 0.1288740 0.0864849 0.0747372 0.0747372 0.0691498 0.0807179 0.0810922 0.0667259 0.0685533 0.0833182 0.0816984 0.0834216 0.0863249 0.0838536 0.0816993 0.0749431 0.0291412 0.0291412 0.0220413 0.0243902 0.0299093 0.0293238 0.0319409 0.0366162 0.0318116 0.0317448 0.0317448 0.0293906 0.0417428 0.0421265 0.0417428 0.0443286 0.0293853 0.0296457 0.0320823 0.0321565 0.0343064 0.0417442 0.0366982 0.0269836 0.0245447 0.0268563 0.0279909 0.0269273 0.0308818 0.0308818 0.0318718 0.0220413 0.0196647 0.0197177 0.0221832 0.0020359 0.0105888 0.0105888 0.0105905 0.0107011 0.0151142 0.0129469 0.0105905 0.0084099 0.0129886 0.0152125 0.0129618 0.0131575 0.0174851 0.0166104 0.0199486 0.0129618 0.0129618 0.0140622 0.0129618 0.0129618 0.0423775 0.0294574 0.0243902 3.4271364 3.4271364 
Macaca_cyclopis                     0.0062289 0.0062308 0.0041198 0.0062308 0.0083704 0.0083704 0.0062289 0.0128284 0.0041198 0.0129618 0.0000000 0.0000010 0.0000010 0.0020031 0.0062289 0.0096467 0.0105860 0.0106895 0.0083871 0.0127482 0.0127482 0.0196107 0.0341097 0.0316806 0.0367938 0.0367221 0.0368541 0.0340904 0.0316628 0.0316628 0.0341399 0.0316573 0.0317360 0.0316573 0.0344959 0.0342209 0.0269166 0.0316573 0.0269681 0.0342997 0.0393379 0.0378268 0.0394790 0.0395635 0.0390580 0.0390580 0.0365659 0.0347078 0.0370212 0.0292455 0.0268558 0.0292508 0.0269069 0.0390441 0.0390441 0.0391342 0.0391769 0.0367857 0.0371080 0.0369641 0.0390441 0.0415506 0.0445713 0.0364199 0.0716863 0.0716863 0.0744734 0.0634483 0.0689480 0.0616655 0.0661870 0.0689602 0.0671722 0.0636883 0.0576009 0.0576009 0.0631983 0.0702952 0.0579795 0.0576009 0.0663366 0.0663366 0.0636831 0.0664652 0.0753047 0.0742744 0.0770740 0.1237183 0.0862567 0.0772568 0.0772568 0.0716486 0.0832668 0.0836525 0.0692251 0.0714429 0.0831229 0.0814769 0.0832259 0.0861219 0.0836559 0.0815062 0.0747676 0.0243104 0.0243104 0.0173658 0.0196607 0.0273897 0.0268558 0.0294397 0.0337175 0.0293121 0.0292508 0.0292508 0.0269164 0.0391410 0.0394992 0.0391410 0.0417025 0.0269119 0.0271493 0.0295604 0.0296285 0.0317829 0.0391466 0.0341497 0.0221850 0.0197967 0.0220689 0.0225281 0.0221275 0.0253478 0.0253478 0.0269689 0.0173658 0.0150503 0.0150974 0.0174768 0.0106214 0.0062299 0.0062299 0.0062308 0.0062951 0.0106122 0.0084844 0.0062308 0.0041198 0.0000027 0.0020031 0.0000010 0.0000027 0.0040464 0.0021861 0.0062032 0.0000010 0.0000010 0.0000010 0.0040481 0.0020033 0.0461536 0.0246024 0.0196607 3.4846111 3.4846111 
Lophocebus_aterrimus                0.0062289 0.0062308 0.0041198 0.0062308 0.0083704 0.0083704 0.0062289 0.0128284 0.0041198 0.0129618 0.0000010 0.0000000 0.0000010 0.0020031 0.0062289 0.0096467 0.0105860 0.0106242 0.0083518 0.0148820 0.0126705 0.0194900 0.0363277 0.0338942 0.0390248 0.0389491 0.0390862 0.0363071 0.0338751 0.0338751 0.0341399 0.0314580 0.0315358 0.0314580 0.0344959 0.0364410 0.0267475 0.0338693 0.0267988 0.0365221 0.0415796 0.0378268 0.0392259 0.0393093 0.0412847 0.0412847 0.0387881 0.0344848 0.0367843 0.0290619 0.0290565 0.0314578 0.0267389 0.0387960 0.0412702 0.0413650 0.0414062 0.0390162 0.0368701 0.0367275 0.0387960 0.0412858 0.0442833 0.0364199 0.0739593 0.0739593 0.0767458 0.0657212 0.0712223 0.0613526 0.0657476 0.0685009 0.0667201 0.0633935 0.0572244 0.0573384 0.0654640 0.0702952 0.0575985 0.0573384 0.0658953 0.0658953 0.0632601 0.0687469 0.0753047 0.0737780 0.0770740 0.1237183 0.0862567 0.0795279 0.0795279 0.0711704 0.0855435 0.0859380 0.0715065 0.0714429 0.0853956 0.0814769 0.0855010 0.0857135 0.0830860 0.0811166 0.0742651 0.0264988 0.0264988 0.0195286 0.0218332 0.0273897 0.0290565 0.0316517 0.0337175 0.0291277 0.0290672 0.0290672 0.0267473 0.0388917 0.0392454 0.0388917 0.0439363 0.0267432 0.0269777 0.0293730 0.0294402 0.0339981 0.0413742 0.0339337 0.0243729 0.0196739 0.0242524 0.0225281 0.0219898 0.0253478 0.0253478 0.0268000 0.0195286 0.0171998 0.0150048 0.0173685 0.0106214 0.0083180 0.0083180 0.0083193 0.0062951 0.0127388 0.0084328 0.0061933 0.0040951 0.0000027 0.0019924 0.0000010 0.0000027 0.0040227 0.0021861 0.0082858 0.0019916 0.0019916 0.0000010 0.0060905 0.0040223 0.0492942 0.0268000 0.0218332 3.4846111 3.4846111 
Mandrillus_sphinx                   0.0062289 0.0062308 0.0041198 0.0062308 0.0083704 0.0083704 0.0062289 0.0128284 0.0041198 0.0129618 0.0000010 0.0000010 0.0000000 0.0020031 0.0062289 0.0096467 0.0105860 0.0106895 0.0083871 0.0127482 0.0127482 0.0196107 0.0341097 0.0316806 0.0367938 0.0367221 0.0368541 0.0340904 0.0316628 0.0316628 0.0341399 0.0316573 0.0317360 0.0316573 0.0344959 0.0342209 0.0269166 0.0316573 0.0269681 0.0342997 0.0393379 0.0378268 0.0394790 0.0395635 0.0390580 0.0390580 0.0365659 0.0347078 0.0370212 0.0292455 0.0268558 0.0292508 0.0269069 0.0390441 0.0390441 0.0391342 0.0391769 0.0367857 0.0371080 0.0369641 0.0390441 0.0415506 0.0445713 0.0364199 0.0716863 0.0716863 0.0744734 0.0634483 0.0689480 0.0616655 0.0661870 0.0689602 0.0671722 0.0636883 0.0576009 0.0576009 0.0631983 0.0702952 0.0579795 0.0576009 0.0663366 0.0663366 0.0636831 0.0664652 0.0753047 0.0742744 0.0770740 0.1237183 0.0862567 0.0772568 0.0772568 0.0716486 0.0832668 0.0836525 0.0692251 0.0714429 0.0831229 0.0814769 0.0832259 0.0861219 0.0836559 0.0815062 0.0747676 0.0243104 0.0243104 0.0173658 0.0196607 0.0273897 0.0268558 0.0294397 0.0337175 0.0293121 0.0292508 0.0292508 0.0269164 0.0391410 0.0394992 0.0391410 0.0417025 0.0269119 0.0271493 0.0295604 0.0296285 0.0317829 0.0391466 0.0341497 0.0221850 0.0197967 0.0220689 0.0225281 0.0221275 0.0253478 0.0253478 0.0269689 0.0173658 0.0150503 0.0150974 0.0174768 0.0106214 0.0062299 0.0062299 0.0062308 0.0062951 0.0106122 0.0084844 0.0062308 0.0041198 0.0000027 0.0020031 0.0000010 0.0000027 0.0040464 0.0021861 0.0062032 0.0000010 0.0000010 0.0000010 0.0040481 0.0020033 0.0461536 0.0246024 0.0196607 3.4846111 3.4846111 
Macaca_sylvanus                     0.0083704 0.0083731 0.0062299 0.0083731 0.0105425 0.0105425 0.0083704 0.0150665 0.0062299 0.0152125 0.0020031 0.0020031 0.0020031 0.0000000 0.0083704 0.0121503 0.0127958 0.0129089 0.0062423 0.0149793 0.0149793 0.0219337 0.0365731 0.0341225 0.0392903 0.0392135 0.0393522 0.0365522 0.0341031 0.0341031 0.0369751 0.0340972 0.0341824 0.0340972 0.0371654 0.0366874 0.0293176 0.0340972 0.0293738 0.0367693 0.0418643 0.0404020 0.0420105 0.0421007 0.0415654 0.0415654 0.0390509 0.0372164 0.0395339 0.0316631 0.0292508 0.0316689 0.0293070 0.0415506 0.0415506 0.0416468 0.0416880 0.0392816 0.0396269 0.0394776 0.0415506 0.0440788 0.0471510 0.0392459 0.0689195 0.0689195 0.0716863 0.0607436 0.0662006 0.0587004 0.0634608 0.0662123 0.0644034 0.0609738 0.0549557 0.0549557 0.0605038 0.0671550 0.0553189 0.0549557 0.0636039 0.0636039 0.0609667 0.0637277 0.0722829 0.0714945 0.0738621 0.1187047 0.0829895 0.0744499 0.0744499 0.0688834 0.0804064 0.0807781 0.0664672 0.0682477 0.0802687 0.0781875 0.0803678 0.0832429 0.0807817 0.0786241 0.0719694 0.0266751 0.0266751 0.0196573 0.0219776 0.0298343 0.0292508 0.0318646 0.0365229 0.0317354 0.0316689 0.0316689 0.0293174 0.0416541 0.0420365 0.0416541 0.0442364 0.0293121 0.0295715 0.0320052 0.0320791 0.0342273 0.0416556 0.0366161 0.0245350 0.0221228 0.0244134 0.0252007 0.0244783 0.0280541 0.0280541 0.0293679 0.0196573 0.0173127 0.0173629 0.0197827 0.0128331 0.0083719 0.0083719 0.0083731 0.0084599 0.0128219 0.0106768 0.0083731 0.0062299 0.0020069 0.0040471 0.0020031 0.0020317 0.0061265 0.0044147 0.0083390 0.0020031 0.0020031 0.0021646 0.0061292 0.0040476 0.0461536 0.0269790 0.0219776 3.4397338 3.4397338 
Cercopithecus_cephus                0.0040487 0.0040498 0.0020042 0.0040498 0.0020042 0.0020042 0.0000010 0.0061807 0.0020042 0.0105870 0.0062289 0.0062289 0.0062289 0.0083704 0.0000000 0.0023049 0.0040652 0.0041191 0.0020080 0.0061325 0.0061325 0.0126417 0.0314123 0.0290141 0.0340524 0.0339865 0.0341110 0.0313947 0.0289979 0.0289979 0.0310416 0.0289929 0.0290639 0.0289929 0.0315750 0.0315201 0.0243107 0.0289929 0.0243566 0.0315954 0.0365557 0.0349967 0.0366911 0.0367690 0.0362972 0.0362972 0.0338374 0.0319596 0.0342615 0.0266128 0.0242554 0.0266176 0.0243020 0.0362844 0.0362844 0.0363676 0.0364121 0.0340450 0.0343414 0.0342036 0.0362844 0.0387591 0.0417131 0.0333232 0.0684588 0.0684588 0.0712066 0.0603355 0.0657577 0.0582644 0.0630357 0.0657693 0.0639668 0.0605631 0.0545835 0.0545835 0.0600983 0.0666438 0.0549430 0.0545835 0.0631771 0.0631771 0.0605558 0.0632995 0.0717597 0.0710170 0.0732959 0.1229847 0.0823501 0.0739509 0.0739509 0.0684231 0.0798618 0.0802286 0.0660214 0.0677207 0.0741055 0.0711194 0.0741957 0.0770073 0.0745737 0.0724150 0.0659771 0.0217519 0.0217519 0.0149180 0.0171733 0.0247344 0.0242554 0.0267986 0.0306527 0.0266730 0.0266176 0.0266176 0.0243105 0.0363739 0.0367046 0.0363739 0.0389045 0.0243057 0.0245187 0.0268975 0.0269590 0.0291135 0.0363842 0.0314489 0.0196500 0.0172984 0.0195407 0.0196507 0.0195916 0.0224207 0.0224207 0.0243638 0.0149180 0.0126499 0.0126927 0.0150124 0.0083121 0.0040493 0.0040493 0.0040498 0.0040908 0.0083051 0.0062173 0.0040498 0.0020042 0.0062420 0.0083704 0.0062289 0.0063212 0.0105407 0.0091390 0.0128719 0.0062289 0.0062289 0.0067449 0.0062289 0.0062289 0.0421611 0.0220295 0.0171733 3.3870497 3.3870497 
Cercopithecus_diana                 0.0070516 0.0070541 0.0046567 0.0070541 0.0046567 0.0046567 0.0023049 0.0095704 0.0046567 0.0147504 0.0096467 0.0096467 0.0096467 0.0121503 0.0023049 0.0000000 0.0070530 0.0023049 0.0046567 0.0094948 0.0094948 0.0171360 0.0362604 0.0334840 0.0363401 0.0362604 0.0394128 0.0362371 0.0334625 0.0334625 0.0339767 0.0362528 0.0363555 0.0362528 0.0365150 0.0392213 0.0307937 0.0362528 0.0308612 0.0393179 0.0451779 0.0422775 0.0422775 0.0422775 0.0448103 0.0448103 0.0419262 0.0393719 0.0393719 0.0334698 0.0307145 0.0334767 0.0307810 0.0447923 0.0447923 0.0449105 0.0449552 0.0422027 0.0420918 0.0419179 0.0447923 0.0476941 0.0476941 0.0362528 0.0733101 0.0733101 0.0764963 0.0670020 0.0732934 0.0640839 0.0733101 0.0765299 0.0705090 0.0670020 0.0663932 0.0663932 0.0667021 0.0700122 0.0668848 0.0633002 0.0732019 0.0732019 0.0701481 0.0704704 0.0800702 0.0821272 0.0767606 0.1287439 0.0859033 0.0764508 0.0764508 0.0796427 0.0832804 0.0837196 0.0673398 0.0725610 0.0798333 0.0762366 0.0831946 0.0864702 0.0836642 0.0876497 0.0800113 0.0248746 0.0248746 0.0170187 0.0196092 0.0307145 0.0307145 0.0337047 0.0335568 0.0334767 0.0334767 0.0334767 0.0307934 0.0448107 0.0448199 0.0448107 0.0448011 0.0307145 0.0307145 0.0334625 0.0334625 0.0334625 0.0390461 0.0390461 0.0224662 0.0197167 0.0223342 0.0223962 0.0224010 0.0252083 0.0252083 0.0278961 0.0170187 0.0171307 0.0171873 0.0198863 0.0120649 0.0070530 0.0070530 0.0070541 0.0070530 0.0120531 0.0096066 0.0070541 0.0046567 0.0096689 0.0121503 0.0096467 0.0096709 0.0096467 0.0122982 0.0146883 0.0096467 0.0096467 0.0096913 0.0096467 0.0096467 0.0459957 0.0252083 0.0196092 3.4071251 3.4071251 
Miopithecus_ogouensis               0.0082796 0.0082822 0.0061552 0.0082822 0.0061552 0.0061552 0.0040652 0.0105148 0.0061552 0.0150908 0.0105860 0.0105860 0.0105860 0.0127958 0.0040652 0.0070530 0.0000000 0.0040652 0.0061552 0.0104442 0.0104442 0.0171937 0.0364511 0.0339992 0.0342026 0.0341362 0.0392311 0.0364303 0.0339799 0.0339799 0.0366571 0.0339740 0.0340589 0.0339740 0.0370340 0.0365655 0.0291919 0.0339740 0.0292473 0.0366473 0.0417432 0.0402779 0.0392162 0.0392162 0.0414451 0.0414451 0.0389299 0.0369342 0.0366838 0.0315384 0.0291247 0.0315442 0.0291814 0.0414304 0.0414304 0.0415263 0.0415677 0.0391603 0.0393362 0.0391880 0.0414304 0.0439588 0.0468275 0.0389212 0.0743332 0.0743332 0.0771350 0.0660476 0.0715809 0.0642070 0.0688033 0.0715935 0.0698288 0.0662970 0.0601479 0.0601479 0.0657878 0.0729347 0.0605416 0.0601479 0.0689592 0.0689592 0.0662935 0.0690925 0.0781902 0.0767580 0.0797297 0.1280564 0.0759491 0.0771110 0.0771110 0.0742943 0.0831069 0.0834912 0.0690937 0.0745034 0.0772728 0.0779981 0.0773677 0.0830663 0.0806107 0.0782795 0.0718191 0.0265477 0.0265477 0.0195309 0.0218493 0.0297064 0.0291247 0.0317399 0.0306591 0.0267334 0.0267334 0.0267334 0.0267898 0.0414454 0.0417359 0.0414454 0.0441163 0.0291247 0.0293205 0.0317450 0.0318181 0.0341040 0.0415354 0.0364170 0.0244068 0.0219488 0.0242853 0.0249379 0.0243503 0.0277785 0.0277785 0.0292418 0.0195309 0.0171889 0.0172388 0.0196557 0.0127195 0.0082810 0.0082810 0.0082822 0.0083340 0.0127085 0.0105715 0.0082822 0.0061552 0.0106075 0.0127958 0.0105860 0.0107441 0.0150327 0.0139705 0.0174532 0.0105860 0.0105860 0.0114754 0.0105860 0.0105860 0.0457108 0.0268516 0.0218493 3.3412102 3.3412102 
Cercopithecus_mona                  0.0083689 0.0083716 0.0062289 0.0083716 0.0062289 0.0062289 0.0041191 0.0106174 0.0062289 0.0152098 0.0106895 0.0106242 0.0106895 0.0129089 0.0041191 0.0023049 0.0040652 0.0000000 0.0040754 0.0126657 0.0104817 0.0172083 0.0387886 0.0363346 0.0415179 0.0414371 0.0415810 0.0387665 0.0363140 0.0363140 0.0310416 0.0338757 0.0339598 0.0338757 0.0371579 0.0389052 0.0291278 0.0363078 0.0291834 0.0389893 0.0441014 0.0403942 0.0364433 0.0339256 0.0437876 0.0437876 0.0412696 0.0317556 0.0314648 0.0314580 0.0314521 0.0338755 0.0291173 0.0412781 0.0437722 0.0438731 0.0439129 0.0415087 0.0341225 0.0339859 0.0412781 0.0437888 0.0414453 0.0333232 0.0767458 0.0767458 0.0795523 0.0684472 0.0739900 0.0579716 0.0684748 0.0712495 0.0694901 0.0661155 0.0598713 0.0599909 0.0681792 0.0666438 0.0602611 0.0599909 0.0686291 0.0686291 0.0659779 0.0715057 0.0783502 0.0735320 0.0732959 0.1229847 0.0823501 0.0796474 0.0796474 0.0739361 0.0856725 0.0860681 0.0716148 0.0746658 0.0798141 0.0781692 0.0799121 0.0828325 0.0802168 0.0751322 0.0714730 0.0288654 0.0288654 0.0218256 0.0241545 0.0298287 0.0314521 0.0340762 0.0306527 0.0290019 0.0314637 0.0314637 0.0291275 0.0387461 0.0364703 0.0387461 0.0464648 0.0266221 0.0243646 0.0267280 0.0267888 0.0364410 0.0438788 0.0337985 0.0267254 0.0195685 0.0265996 0.0196507 0.0243211 0.0224207 0.0224207 0.0291780 0.0218256 0.0194693 0.0172529 0.0196568 0.0128309 0.0104745 0.0104745 0.0104761 0.0040908 0.0149583 0.0106097 0.0083210 0.0061914 0.0106460 0.0128298 0.0106242 0.0108500 0.0150583 0.0140959 0.0197499 0.0128249 0.0128249 0.0115917 0.0128249 0.0128249 0.0452781 0.0291780 0.0241545 3.3870497 3.3870497 
Cercopithecus_petaurista_petaurista 0.0061420 0.0061438 0.0040573 0.0061438 0.0040573 0.0040573 0.0020080 0.0083271 0.0040573 0.0128202 0.0083871 0.0083518 0.0083871 0.0062423 0.0020080 0.0046567 0.0061552 0.0040754 0.0000000 0.0103756 0.0082324 0.0148344 0.0362002 0.0337659 0.0388978 0.0388221 0.0389591 0.0361798 0.0337469 0.0337469 0.0338346 0.0313288 0.0314060 0.0313288 0.0342850 0.0363136 0.0266174 0.0337410 0.0266677 0.0363946 0.0414523 0.0376197 0.0390982 0.0390982 0.0411582 0.0411582 0.0386613 0.0342818 0.0365784 0.0289317 0.0289262 0.0313285 0.0266079 0.0386692 0.0411436 0.0412382 0.0412795 0.0388890 0.0366635 0.0365215 0.0386692 0.0411592 0.0440611 0.0361081 0.0682787 0.0682787 0.0710187 0.0601782 0.0655852 0.0550664 0.0602021 0.0629074 0.0610878 0.0577471 0.0518499 0.0518499 0.0599422 0.0635536 0.0521935 0.0518499 0.0603367 0.0603367 0.0577374 0.0631333 0.0689487 0.0679614 0.0701368 0.1180081 0.0791369 0.0709963 0.0709963 0.0655379 0.0768380 0.0771894 0.0631366 0.0647416 0.0711445 0.0681131 0.0712307 0.0740289 0.0716072 0.0692926 0.0631072 0.0263678 0.0263678 0.0193989 0.0217022 0.0272027 0.0289262 0.0315224 0.0334168 0.0289370 0.0289370 0.0289370 0.0266172 0.0386830 0.0390343 0.0386830 0.0438094 0.0265568 0.0267894 0.0291803 0.0292471 0.0338698 0.0412477 0.0337346 0.0242415 0.0195038 0.0241211 0.0222779 0.0218587 0.0250841 0.0250841 0.0266689 0.0193989 0.0170742 0.0148833 0.0172411 0.0104957 0.0082269 0.0082269 0.0082281 0.0061943 0.0126244 0.0083394 0.0061184 0.0040406 0.0083693 0.0105190 0.0083518 0.0085122 0.0127134 0.0115334 0.0173360 0.0105150 0.0105150 0.0090874 0.0105150 0.0105150 0.0454015 0.0266689 0.0217022 3.3412102 3.3412102 
Chlorocebus_sabaeus                 0.0104006 0.0104040 0.0082504 0.0104040 0.0082504 0.0082504 0.0061325 0.0040866 0.0082504 0.0172975 0.0127482 0.0148820 0.0127482 0.0149793 0.0061325 0.0094948 0.0104442 0.0126657 0.0103756 0.0000000 0.0019940 0.0082401 0.0385203 0.0360750 0.0412386 0.0411584 0.0413013 0.0384984 0.0360546 0.0360546 0.0395252 0.0385132 0.0386093 0.0385132 0.0395645 0.0386362 0.0337072 0.0360484 0.0337717 0.0387198 0.0438109 0.0427052 0.0465141 0.0466135 0.0435002 0.0435002 0.0409921 0.0417263 0.0440286 0.0360615 0.0312092 0.0336244 0.0336951 0.0460137 0.0434849 0.0435848 0.0436247 0.0412293 0.0441320 0.0439738 0.0460137 0.0485550 0.0516865 0.0417792 0.0734812 0.0734812 0.0762484 0.0652971 0.0707624 0.0668593 0.0707748 0.0735524 0.0718210 0.0684241 0.0621465 0.0622704 0.0650427 0.0729499 0.0625482 0.0622704 0.0709340 0.0709340 0.0682834 0.0683019 0.0778292 0.0788559 0.0797465 0.1332242 0.0889122 0.0790108 0.0790108 0.0762382 0.0849801 0.0853696 0.0710433 0.0709071 0.0791750 0.0743435 0.0792715 0.0851460 0.0825369 0.0805769 0.0737816 0.0286316 0.0286316 0.0216170 0.0239370 0.0320509 0.0312092 0.0338240 0.0390473 0.0361436 0.0360681 0.0360681 0.0337070 0.0411016 0.0414753 0.0411016 0.0411425 0.0337006 0.0339981 0.0364499 0.0365339 0.0361809 0.0435910 0.0410555 0.0264985 0.0264422 0.0263734 0.0276405 0.0288217 0.0305155 0.0305155 0.0337536 0.0216170 0.0192721 0.0216170 0.0240905 0.0148963 0.0103345 0.0103345 0.0103361 0.0105115 0.0147848 0.0148676 0.0125082 0.0103361 0.0149130 0.0171257 0.0148820 0.0129395 0.0193924 0.0163469 0.0195496 0.0126637 0.0126637 0.0138213 0.0126637 0.0126637 0.0488343 0.0289425 0.0239370 3.2931900 3.2931900 
Chlorocebus_aethiops                0.0104006 0.0104040 0.0082504 0.0104040 0.0082504 0.0082504 0.0061325 0.0040866 0.0082504 0.0172975 0.0127482 0.0126705 0.0127482 0.0149793 0.0061325 0.0094948 0.0104442 0.0104817 0.0082324 0.0019940 0.0000000 0.0061275 0.0410076 0.0385416 0.0437586 0.0436733 0.0438230 0.0409843 0.0385198 0.0385198 0.0395252 0.0360683 0.0361581 0.0360683 0.0395645 0.0411270 0.0312971 0.0385132 0.0313572 0.0412138 0.0463596 0.0427052 0.0439846 0.0440783 0.0460299 0.0460299 0.0435002 0.0392154 0.0415156 0.0336368 0.0336304 0.0360681 0.0312859 0.0435092 0.0460137 0.0461197 0.0461584 0.0437487 0.0416128 0.0414603 0.0435092 0.0460312 0.0491141 0.0417792 0.0762775 0.0762775 0.0790652 0.0680315 0.0735395 0.0638949 0.0680587 0.0708162 0.0690624 0.0657117 0.0595067 0.0596250 0.0677664 0.0729499 0.0598927 0.0596250 0.0682113 0.0682113 0.0655755 0.0710695 0.0778292 0.0760915 0.0797465 0.1332242 0.0889122 0.0818477 0.0818477 0.0734862 0.0878713 0.0882751 0.0738316 0.0709071 0.0820180 0.0743435 0.0821183 0.0823205 0.0797218 0.0777474 0.0710373 0.0310233 0.0310233 0.0239370 0.0262822 0.0320509 0.0336304 0.0362746 0.0390473 0.0337132 0.0336430 0.0336430 0.0312969 0.0386297 0.0389801 0.0386297 0.0436563 0.0312913 0.0315668 0.0339981 0.0340763 0.0386503 0.0461226 0.0385866 0.0288754 0.0241015 0.0287451 0.0276405 0.0264578 0.0305155 0.0305155 0.0313457 0.0239370 0.0215636 0.0193335 0.0217666 0.0148963 0.0125062 0.0125062 0.0125082 0.0105115 0.0170230 0.0126567 0.0103415 0.0082012 0.0126970 0.0148875 0.0126705 0.0129395 0.0171290 0.0163469 0.0218567 0.0148820 0.0148820 0.0138213 0.0148820 0.0148820 0.0524449 0.0313457 0.0262822 3.2931900 3.2931900 
Erythrocebus_patas                  0.0171203 0.0171262 0.0148676 0.0171262 0.0148676 0.0148676 0.0126417 0.0105253 0.0148676 0.0243527 0.0196107 0.0194900 0.0196107 0.0219337 0.0126417 0.0171360 0.0171937 0.0172083 0.0148344 0.0082401 0.0061275 0.0000000 0.0462526 0.0437346 0.0490829 0.0489866 0.0491516 0.0462260 0.0437095 0.0437095 0.0455684 0.0412046 0.0413071 0.0412046 0.0452438 0.0462180 0.0387261 0.0437020 0.0388007 0.0464747 0.0517538 0.0481875 0.0493395 0.0494458 0.0513819 0.0513819 0.0487978 0.0445073 0.0468234 0.0387189 0.0411967 0.0437101 0.0387941 0.0488081 0.0513638 0.0514834 0.0515204 0.0489027 0.0467686 0.0467686 0.0488081 0.0513836 0.0545860 0.0478068 0.0823182 0.0823182 0.0851611 0.0739069 0.0795279 0.0702923 0.0739369 0.0767521 0.0750384 0.0715701 0.0651756 0.0653066 0.0736168 0.0798083 0.0655974 0.0653066 0.0713045 0.0713045 0.0714228 0.0770292 0.0844438 0.0821160 0.0867964 0.1387021 0.0961233 0.0879984 0.0879984 0.0794705 0.0941644 0.0946011 0.0826847 0.0778150 0.0910707 0.0813510 0.0882917 0.0885115 0.0858768 0.0839243 0.0798081 0.0384911 0.0384911 0.0311703 0.0335967 0.0397554 0.0411967 0.0439408 0.0479338 0.0412995 0.0412123 0.0412123 0.0388079 0.0413152 0.0416927 0.0413152 0.0464071 0.0388006 0.0391469 0.0391393 0.0392302 0.0438499 0.0514799 0.0437862 0.0362933 0.0313649 0.0361464 0.0360846 0.0338034 0.0390707 0.0390707 0.0388512 0.0311703 0.0287060 0.0264017 0.0289683 0.0218345 0.0192810 0.0192810 0.0192843 0.0173069 0.0239974 0.0194779 0.0170207 0.0147768 0.0195301 0.0217974 0.0194900 0.0199099 0.0241256 0.0239415 0.0290432 0.0217893 0.0217893 0.0212916 0.0217893 0.0217893 0.0601726 0.0388512 0.0335967 3.3839491 3.3839491 
Cheracebus_purinus                  0.0314123 0.0314237 0.0290086 0.0314237 0.0338440 0.0338440 0.0314123 0.0389192 0.0290086 0.0366550 0.0341097 0.0363277 0.0341097 0.0365731 0.0314123 0.0362604 0.0364511 0.0387886 0.0362002 0.0385203 0.0410076 0.0462526 0.0000000 0.0019912 0.0104140 0.0103949 0.0104496 0.0081811 0.0060837 0.0060837 0.0120705 0.0169009 0.0169412 0.0169009 0.0160437 0.0192991 0.0147130 0.0103147 0.0103609 0.0126043 0.0170223 0.0152620 0.0193967 0.0194365 0.0169067 0.0169067 0.0146780 0.0149290 0.0171429 0.0103180 0.0103165 0.0124823 0.0125071 0.0191581 0.0169014 0.0169385 0.0169925 0.0170851 0.0195192 0.0170831 0.0191581 0.0214388 0.0240000 0.0093981 0.0726877 0.0726877 0.0754241 0.0645908 0.0699984 0.0630922 0.0700105 0.0727575 0.0710356 0.0676816 0.0674644 0.0675995 0.0704133 0.0760299 0.0678989 0.0675995 0.0764172 0.0764172 0.0765447 0.0737553 0.0838858 0.0844179 0.0764266 0.1451663 0.0855271 0.0733836 0.0733836 0.0706520 0.0792433 0.0796047 0.0709852 0.0673087 0.0847639 0.0771035 0.0792060 0.0850751 0.0851893 0.0805093 0.0793092 0.0313798 0.0313798 0.0289821 0.0313854 0.0150577 0.0146757 0.0170472 0.0169428 0.0191967 0.0191578 0.0191578 0.0169409 0.0284898 0.0287435 0.0284898 0.0285394 0.0169381 0.0170828 0.0104232 0.0104460 0.0103852 0.0169798 0.0146998 0.0292230 0.0291682 0.0290917 0.0280308 0.0315822 0.0364822 0.0364822 0.0415503 0.0289821 0.0361548 0.0386913 0.0389511 0.0339865 0.0312037 0.0312037 0.0312092 0.0317627 0.0313167 0.0314623 0.0336304 0.0312092 0.0364042 0.0387957 0.0363277 0.0319600 0.0412778 0.0399377 0.0415005 0.0338755 0.0338755 0.0370953 0.0338755 0.0338755 0.0150130 0.0365841 0.0313854 3.5188460 3.5188460 
