51
Alouatta_caraya                   0.0000000 0.2150399 0.8270895 0.1801692 0.2567531 0.2518115 0.6245478 0.7685323 0.2810672 0.2841790 0.2742280 0.8192487 0.7591347 0.7421634 0.6024222 0.5810976 0.7104228 0.5379218 8.9999988 0.6100362 0.7415495 0.2744119 0.8060046 0.6521181 0.8303818 0.6524261 0.8255205 0.2498669 0.5879763 0.6378097 0.5989739 0.7438336 0.7727986 0.5821471 0.6598268 0.6570926 0.8289692 0.8284828 0.6492121 0.2654555 0.2813909 0.5959956 0.7598814 0.6349335 0.2595196 0.2455529 0.6560410 0.6400051 0.7813528 0.8486796 0.2804414 
Aotus_nancymaae                   0.2150399 0.0000000 0.8192654 0.2268981 0.2429603 0.2295271 0.6380237 0.7481443 0.2765398 0.2747646 0.2694452 0.8140328 0.7564676 0.7536689 0.7464015 0.6006186 0.6978143 0.5416478 8.4806621 0.6195662 0.7414010 0.2556429 0.8161156 0.6629390 0.8170422 0.6664441 0.7948390 0.2366759 0.6048638 0.6445812 0.6180928 0.7470041 0.7610383 0.5799818 0.6660785 0.6617169 0.8355772 0.8155812 0.6405697 0.2592415 0.2832254 0.6176078 0.7511284 0.6295337 0.2406457 0.2273070 0.6483356 0.6387598 0.7665610 0.8562009 0.2752826 
Avahi_laniger                     0.8270895 0.8192654 0.0000000 0.8374912 0.8639876 0.8766348 0.8676136 0.3677644 0.8763252 0.8774189 0.8803876 0.6753048 0.3853258 0.3712758 0.5825138 0.7868841 0.3716516 0.7386604 8.4875065 0.8043205 0.3741131 0.9055182 0.4188003 0.8941359 0.6303347 0.8787198 0.4256339 0.8634678 0.8118269 0.8676369 0.8113755 0.4010267 0.3059882 0.7846067 0.8871627 0.8907418 0.6343712 0.4435092 0.8555377 0.8798222 0.8700421 0.8253449 0.3835169 0.8717953 0.7332209 0.8671075 0.8946354 0.8556621 0.6873198 0.6610026 0.7977070 
Brachyteles_arachnoides           0.1801692 0.2268981 0.8374912 0.0000000 0.2608517 0.2599368 0.6207040 0.7637494 0.2919462 0.2973714 0.2949970 0.8049591 0.7909063 0.7615488 0.7369120 0.5915288 0.7242617 0.5405591 8.9999986 0.6012193 0.7700628 0.2880041 0.8306723 0.6548095 0.8085358 0.6559384 0.8362374 0.2543050 0.5865903 0.6327239 0.5965415 0.7674490 0.7747545 0.5870514 0.6559339 0.6541066 0.8360187 0.8528469 0.6473429 0.2739148 0.3008365 0.6068584 0.7845346 0.6413804 0.2620298 0.2599242 0.6642399 0.6378751 0.8114052 0.8497026 0.2950359 
Callithrix_geoffroyi              0.2567531 0.2429603 0.8639876 0.2608517 0.0000000 0.2800022 0.6798636 0.8111298 0.3312350 0.3375828 0.3143189 0.8518311 0.8182083 0.8061094 0.8081521 0.6277502 0.7571099 0.5703347 8.9999989 0.6504893 0.7954558 0.2642556 0.8554525 0.7041429 0.8644231 0.7083918 0.8510445 0.1106247 0.6325910 0.6896992 0.6428831 0.8059476 0.8194356 0.6121426 0.7031764 0.7004764 0.8435615 0.8824244 0.6963809 0.3054782 0.3460538 0.6395420 0.8139278 0.6795583 0.2271020 0.2740645 0.7063492 0.6939019 0.8469595 0.8789825 0.3291718 
Cebus_imitator                    0.2518115 0.2295271 0.8766348 0.2599368 0.2800022 0.0000000 0.6628218 0.7864044 0.3126715 0.3139499 0.3122521 0.8664170 0.8072276 0.7854329 0.6604790 0.6240082 0.7565923 0.5586075 8.6832459 0.6538455 0.7912541 0.2927608 0.8503663 0.6940397 0.8659898 0.6970271 0.8624803 0.2738506 0.6234813 0.6764902 0.6555975 0.7974305 0.8205831 0.6118580 0.6868069 0.6859059 0.8895956 0.8675097 0.6884708 0.3024988 0.3166390 0.6501738 0.8078395 0.6599843 0.2792214 0.0978361 0.6848237 0.6780443 0.8465228 0.8841429 0.3094463 
Cercocebus_atys_atys              0.6245478 0.6380237 0.8676136 0.6207040 0.6798636 0.6628218 0.0000000 0.7823606 0.7028824 0.7076049 0.6964261 0.7754970 0.8139565 0.7913756 0.9265224 0.3885349 0.7439292 0.3703436 8.9999990 0.3862191 0.7975613 0.7281996 0.8228889 0.1963952 0.8684181 0.1766427 0.8496609 0.6656945 0.2038539 0.2908004 0.3860121 0.7860212 0.8230455 0.3860673 0.1992462 0.1977571 0.8720883 0.8754117 0.2994027 0.6573748 0.7135193 0.3877593 0.8083640 0.3013203 0.5931162 0.6512020 0.3035953 0.2905785 0.8398205 0.8863033 0.6128010 
Cheirogaleus_sibreei              0.7685323 0.7481443 0.3677644 0.7637494 0.8111298 0.7864044 0.7823606 0.0000000 0.8019295 0.8126178 0.7900437 0.6266159 0.3187199 0.3072638 0.5631390 0.7504003 0.3029574 0.7153013 8.9999985 0.7651302 0.3072904 0.8219933 0.3451263 0.8294581 0.5791866 0.8179132 0.3817864 0.7948168 0.7648919 0.7913564 0.7693897 0.3466168 0.3188971 0.7502115 0.8339642 0.8369799 0.5888792 0.3452458 0.7682180 0.7846223 0.8109896 0.7823844 0.3101754 0.7807433 0.7111249 0.7835786 0.8038849 0.7834561 0.5852708 0.6090914 0.7472234 
Cheracebus_lucifer                0.2810672 0.2765398 0.8763252 0.2919462 0.3312350 0.3126715 0.7028824 0.8019295 0.0000000 0.0428217 0.3007391 0.8949620 0.7935470 0.7730536 0.6732934 0.6555096 0.7360094 0.5971515 8.9999987 0.6811668 0.7837893 0.3491307 0.8615749 0.7423629 0.8547067 0.7367716 0.8457980 0.3218657 0.6576564 0.7120149 0.6796382 0.8058218 0.8194700 0.6445059 0.7390071 0.7456551 0.8796040 0.8570885 0.7078966 0.2924870 0.1735699 0.6725953 0.7819483 0.7010110 0.3043024 0.3119820 0.7174538 0.7144063 0.8496108 0.9076255 0.0671394 
Cheracebus_lugens                 0.2841790 0.2747646 0.8774189 0.2973714 0.3375828 0.3139499 0.7076049 0.8126178 0.0428217 0.0000000 0.2994979 0.8994762 0.7950722 0.7745823 0.6089248 0.6579826 0.7430647 0.5982881 8.9999988 0.6852887 0.7871233 0.3489755 0.8602126 0.7511464 0.8634014 0.7366456 0.8469054 0.3247460 0.6651461 0.7192418 0.6806132 0.8028845 0.8224525 0.6494937 0.7457844 0.7497761 0.8817394 0.8621854 0.7163045 0.2901817 0.1744232 0.6660085 0.7832362 0.7079623 0.2969516 0.3200391 0.7218785 0.7153434 0.8548339 0.9102882 0.0308646 
Chiropotes_sagulatus              0.2742280 0.2694452 0.8803876 0.2949970 0.3143189 0.3122521 0.6964261 0.7900437 0.3007391 0.2994979 0.0000000 0.8703448 0.8043038 0.7959125 0.6518941 0.6541327 0.7421369 0.5948398 8.5015508 0.6758974 0.7966236 0.3445616 0.8516269 0.7231158 0.8813966 0.7249025 0.8491475 0.3098868 0.6450937 0.7135274 0.6754586 0.8245193 0.8368788 0.6493036 0.7198400 0.7152087 0.8821076 0.8784582 0.7088564 0.1682994 0.3156549 0.6724576 0.8028110 0.6935518 0.2973901 0.3028494 0.7120959 0.7033770 0.8294332 0.9058173 0.2889752 
Cynocephalus_volans               0.8192487 0.8140328 0.6753048 0.8049591 0.8518311 0.8664170 0.7754970 0.6266159 0.8949620 0.8994762 0.8703448 0.0000000 0.6350122 0.6227779 0.7153733 0.7681370 0.6021471 0.7029613 8.9999990 0.7572019 0.6417020 0.8777820 0.6707552 0.8024911 0.6848634 0.7735743 0.6703849 0.8228864 0.7385514 0.8174619 0.7609250 0.6484012 0.6696382 0.7747483 0.7973407 0.7959205 0.6760372 0.6837339 0.8068819 0.8582667 0.9039007 0.7613765 0.6470386 0.8175400 0.7480626 0.8537050 0.8543956 0.8196744 0.6745742 0.7003879 0.8106498 
Eulemur_macaco_macaco             0.7591347 0.7564676 0.3853258 0.7909063 0.8182083 0.8072276 0.8139565 0.3187199 0.7935470 0.7950722 0.8043038 0.6350122 0.0000000 0.0789510 0.5956522 0.7688002 0.1765896 0.7054853 8.9999981 0.7768182 0.1770314 0.8370900 0.3766602 0.8553822 0.5854284 0.8425783 0.3343084 0.8063771 0.7738333 0.7954959 0.7768978 0.2506902 0.3256499 0.7622445 0.8521713 0.8555007 0.5897160 0.3883502 0.7722632 0.8017734 0.7930549 0.7891353 0.1793019 0.7861028 0.6927778 0.7885362 0.8100493 0.7943349 0.5914579 0.6086804 0.7218491 
Eulemur_rufus                     0.7421634 0.7536689 0.3712758 0.7615488 0.8061094 0.7854329 0.7913756 0.3072638 0.7730536 0.7745823 0.7959125 0.6227779 0.0789510 0.0000000 0.5400432 0.7543098 0.1752458 0.7148904 8.9999987 0.7630037 0.1739215 0.8056190 0.3708782 0.8411120 0.5848557 0.8250365 0.3264933 0.7900384 0.7700637 0.7766797 0.7569240 0.2447273 0.3158753 0.7457990 0.8429745 0.8361898 0.5871617 0.3868705 0.7578565 0.7905983 0.7741576 0.7755056 0.1758756 0.7830306 0.7065088 0.7869178 0.7989423 0.7690350 0.5778076 0.5938574 0.7207977 
Galagoides_thomasi                0.6024222 0.7464015 0.5825138 0.7369120 0.8081521 0.6604790 0.9265224 0.5631390 0.6732934 0.6089248 0.6518941 0.7153733 0.5956522 0.5400432 0.0000000 0.7019639 0.5927327 0.8415800 9.0000000 0.6361521 0.5211865 0.6813793 0.6626848 0.8483904 0.3416724 0.8620618 0.7020791 0.6789063 0.7519918 0.8464489 0.6391456 0.5727179 0.6792023 0.8307339 0.7795571 0.7778180 0.4222501 0.5329183 0.8543396 0.7337481 0.5769206 0.7370475 0.5563105 0.7691170 0.0000010 0.6849360 0.8517548 0.7952147 0.5640184 0.4597665 0.6054305 
Gorilla_gorilla_gorilla           0.5810976 0.6006186 0.7868841 0.5915288 0.6277502 0.6240082 0.3885349 0.7504003 0.6555096 0.6579826 0.6541327 0.7681370 0.7688002 0.7543098 0.7019639 0.0000000 0.7292069 0.1242717 8.9999989 0.2506096 0.7525092 0.6787177 0.8120958 0.4112517 0.8503283 0.3970278 0.7855497 0.6083894 0.3835801 0.4062854 0.2538879 0.7480594 0.7662014 0.1280743 0.4121259 0.4086784 0.8193374 0.8203715 0.4150289 0.6209446 0.6575969 0.2145387 0.7590900 0.4169187 0.5691944 0.6146582 0.4256649 0.4055948 0.7664893 0.8562983 0.5376079 
Hapalemur_griseus_griseus         0.7104228 0.6978143 0.3716516 0.7242617 0.7571099 0.7565923 0.7439292 0.3029574 0.7360094 0.7430647 0.7421369 0.6021471 0.1765896 0.1752458 0.5927327 0.7292069 0.0000000 0.6818453 8.9999981 0.7306677 0.1175010 0.7655862 0.3563104 0.7904821 0.5287031 0.7796363 0.3115473 0.7475865 0.7295558 0.7370070 0.7300285 0.2318623 0.2958155 0.7170136 0.7806409 0.7830977 0.5526762 0.3635986 0.7029640 0.7427532 0.7490808 0.7514906 0.1101656 0.7289588 0.6778440 0.7484158 0.7404883 0.7263713 0.5401013 0.5624696 0.6943852 
Homo_heidelbergensis              0.5379218 0.5416478 0.7386604 0.5405591 0.5703347 0.5586075 0.3703436 0.7153013 0.5971515 0.5982881 0.5948398 0.7029613 0.7054853 0.7148904 0.8415800 0.1242717 0.6818453 0.0000000 8.9999986 0.2393544 0.6999333 0.6140383 0.7504790 0.3831998 0.7903639 0.3677180 0.7339818 0.5596944 0.3465650 0.3947179 0.2335536 0.6862229 0.7108733 0.0953184 0.3929407 0.3866650 0.7447667 0.7695194 0.4020564 0.5625691 0.6036891 0.2011398 0.7155978 0.3935583 0.5316737 0.5580116 0.4033313 0.3895771 0.7361651 0.7980178 0.5002324 
Homo_sapiens                      8.9999988 8.4806621 8.4875065 8.9999986 8.9999989 8.6832459 8.9999990 8.9999985 8.9999987 8.9999988 8.5015508 8.9999990 8.9999981 8.9999987 9.0000000 8.9999989 8.9999981 8.9999986 0.0000000 8.9999989 8.9999988 8.9999981 8.9999986 8.9999984 8.9999982 8.9999986 8.9999987 8.9999985 8.7091166 8.9898215 8.9999989 8.9999989 8.9999984 8.9999984 8.9999982 8.9999986 8.9999986 8.9999985 8.8461348 8.9999988 8.9999981 8.9999983 8.9286345 8.7323648 8.9999986 8.7370140 8.9999985 8.6638983 8.9999986 8.9999984 8.9999983 
Hylobates_pileatus                0.6100362 0.6195662 0.8043205 0.6012193 0.6504893 0.6538455 0.3862191 0.7651302 0.6811668 0.6852887 0.6758974 0.7572019 0.7768182 0.7630037 0.6361521 0.2506096 0.7306677 0.2393544 8.9999989 0.0000000 0.7719518 0.7008064 0.8104589 0.4040067 0.8178432 0.3873661 0.8234274 0.6388804 0.3737042 0.4132162 0.1225807 0.7475708 0.7727082 0.2431555 0.4157809 0.4107404 0.8196868 0.8380321 0.4291064 0.6348863 0.6939427 0.2663637 0.7757526 0.4268157 0.5612896 0.6447512 0.4418165 0.4127892 0.7882245 0.8408325 0.5678151 
Lemur_catta                       0.7415495 0.7414010 0.3741131 0.7700628 0.7954558 0.7912541 0.7975613 0.3072904 0.7837893 0.7871233 0.7966236 0.6417020 0.1770314 0.1739215 0.5211865 0.7525092 0.1175010 0.6999333 8.9999988 0.7719518 0.0000000 0.7993181 0.3669752 0.8378042 0.5676574 0.8291404 0.3207285 0.7921824 0.7686060 0.7883638 0.7640071 0.2373465 0.3053675 0.7483395 0.8355590 0.8383860 0.5737622 0.3705009 0.7707075 0.7794599 0.7944413 0.7688513 0.1192099 0.7765758 0.7051581 0.7859399 0.7992992 0.7876695 0.5849489 0.5957924 0.7193934 
Leontopithecus_rosalia            0.2744119 0.2556429 0.9055182 0.2880041 0.2642556 0.2927608 0.7281996 0.8219933 0.3491307 0.3489755 0.3445616 0.8777820 0.8370900 0.8056190 0.6813793 0.6787177 0.7655862 0.6140383 8.9999981 0.7008064 0.7993181 0.0000000 0.8845653 0.7502139 0.8734932 0.7489870 0.8621101 0.2506496 0.6803654 0.7195021 0.6940659 0.8290533 0.8432190 0.6721215 0.7532320 0.7503274 0.9100927 0.8619843 0.7111379 0.3330559 0.3588444 0.7104233 0.8223421 0.7049542 0.2633537 0.2965745 0.7294183 0.7176981 0.8357699 0.9061010 0.3447539 
Lepilemur_aeeclis                 0.8060046 0.8161156 0.4188003 0.8306723 0.8554525 0.8503663 0.8228889 0.3451263 0.8615749 0.8602126 0.8516269 0.6707552 0.3766602 0.3708782 0.6626848 0.8120958 0.3563104 0.7504790 8.9999986 0.8104589 0.3669752 0.8845653 0.0000000 0.8680977 0.6265823 0.8334314 0.4242550 0.8516494 0.7878223 0.8474450 0.8108863 0.3885423 0.3648682 0.7999481 0.8392314 0.8509243 0.6238228 0.4017502 0.8294311 0.8426882 0.8525256 0.8217242 0.3629288 0.8423405 0.7640498 0.8548581 0.8543246 0.8382791 0.6572703 0.6500797 0.7928771 
Lophocebus_aterrimus              0.6521181 0.6629390 0.8941359 0.6548095 0.7041429 0.6940397 0.1963952 0.8294581 0.7423629 0.7511464 0.7231158 0.8024911 0.8553822 0.8411120 0.8483904 0.4112517 0.7904821 0.3831998 8.9999984 0.4040067 0.8378042 0.7502139 0.8680977 0.0000000 0.8949269 0.2064589 0.8853684 0.7017386 0.2147020 0.3097707 0.3977333 0.8350890 0.8595202 0.4033314 0.1235263 0.1228176 0.9097829 0.9154259 0.3231747 0.6873035 0.7475502 0.4035311 0.8479696 0.3204336 0.6511129 0.6671180 0.3218032 0.3129428 0.8746606 0.9414154 0.6574170 
Loris_lydekkerianus_lydekkerianus 0.8303818 0.8170422 0.6303347 0.8085358 0.8644231 0.8659898 0.8684181 0.5791866 0.8547067 0.8634014 0.8813966 0.6848634 0.5854284 0.5848557 0.3416724 0.8503283 0.5287031 0.7903639 8.9999982 0.8178432 0.5676574 0.8734932 0.6265823 0.8949269 0.0000000 0.8767318 0.6334341 0.8475026 0.8093601 0.8584340 0.8120527 0.5998309 0.5908791 0.8116610 0.9012239 0.9023966 0.3621265 0.6277389 0.8420810 0.8566702 0.8959545 0.8403613 0.5734492 0.8638489 0.7976737 0.8545772 0.8804427 0.8504004 0.6682718 0.2919303 0.7952283 
Macaca_tonkeana                   0.6524261 0.6664441 0.8787198 0.6559384 0.7083918 0.6970271 0.1766427 0.8179132 0.7367716 0.7366456 0.7249025 0.7735743 0.8425783 0.8250365 0.8620618 0.3970278 0.7796363 0.3677180 8.9999986 0.3873661 0.8291404 0.7489870 0.8334314 0.2064589 0.8767318 0.0000000 0.8777761 0.6945304 0.2061744 0.3029487 0.3950102 0.8066362 0.8351999 0.3910736 0.2041864 0.2035543 0.8759284 0.8977624 0.3151201 0.6999067 0.7414687 0.3923555 0.8273953 0.3108522 0.6312105 0.6712456 0.3230765 0.3040210 0.8382890 0.9052935 0.6364180 
Megaladapis_edwardsi              0.8255205 0.7948390 0.4256339 0.8362374 0.8510445 0.8624803 0.8496609 0.3817864 0.8457980 0.8469054 0.8491475 0.6703849 0.3343084 0.3264933 0.7020791 0.7855497 0.3115473 0.7339818 8.9999987 0.8234274 0.3207285 0.8621101 0.4242550 0.8853684 0.6334341 0.8777761 0.0000000 0.8394945 0.8128905 0.8507117 0.8197059 0.3531564 0.3727086 0.7880696 0.8764907 0.8811334 0.6329424 0.4542022 0.8433899 0.8448476 0.8708355 0.8256368 0.3224515 0.8471993 0.7161421 0.8565921 0.8535789 0.8393567 0.6399942 0.6560032 0.7517039 
Mico_argentatus                   0.2498669 0.2366759 0.8634678 0.2543050 0.1106247 0.2738506 0.6656945 0.7948168 0.3218657 0.3247460 0.3098868 0.8228864 0.8063771 0.7900384 0.6789063 0.6083894 0.7475865 0.5596944 8.9999985 0.6388804 0.7921824 0.2506496 0.8516494 0.7017386 0.8475026 0.6945304 0.8394945 0.0000000 0.6250311 0.6940407 0.6310028 0.7961090 0.8096243 0.6058274 0.7040549 0.7003702 0.8417650 0.8578375 0.6902621 0.3000513 0.3335544 0.6335621 0.8032219 0.6766903 0.2253136 0.2658442 0.7000399 0.6950166 0.8245912 0.8741270 0.3101840 
Miopithecus_talapoin              0.5879763 0.6048638 0.8118269 0.5865903 0.6325910 0.6234813 0.2038539 0.7648919 0.6576564 0.6651461 0.6450937 0.7385514 0.7738333 0.7700637 0.7519918 0.3835801 0.7295558 0.3465650 8.7091166 0.3737042 0.7686060 0.6803654 0.7878223 0.2147020 0.8093601 0.2061744 0.8128905 0.6250311 0.0000000 0.2771593 0.3759820 0.7608502 0.7906295 0.3601736 0.2196687 0.2145339 0.8207562 0.8297551 0.2938941 0.6302089 0.6669798 0.3644838 0.7686341 0.2933032 0.5873770 0.6116340 0.3047021 0.2806741 0.7990952 0.8381633 0.5988374 
Nasalis_larvatus                  0.6378097 0.6445812 0.8676369 0.6327239 0.6896992 0.6764902 0.2908004 0.7913564 0.7120149 0.7192418 0.7135274 0.8174619 0.7954959 0.7766797 0.8464489 0.4062854 0.7370070 0.3947179 8.9898215 0.4132162 0.7883638 0.7195021 0.8474450 0.3097707 0.8584340 0.3029487 0.8507117 0.6940407 0.2771593 0.0000000 0.4238063 0.7795214 0.7984854 0.4067062 0.3125215 0.3082846 0.8528469 0.8567913 0.2246362 0.6841848 0.7249180 0.4229102 0.7811150 0.1588561 0.6222820 0.6600838 0.1950243 0.0558640 0.7994722 0.8810023 0.6100678 
Nomascus_leucogenys               0.5989739 0.6180928 0.8113755 0.5965415 0.6428831 0.6555975 0.3860121 0.7693897 0.6796382 0.6806132 0.6754586 0.7609250 0.7768978 0.7569240 0.6391456 0.2538879 0.7300285 0.2335536 8.9999989 0.1225807 0.7640071 0.6940659 0.8108863 0.3977333 0.8120527 0.3950102 0.8197059 0.6310028 0.3759820 0.4238063 0.0000000 0.7489151 0.7756979 0.2460020 0.4058680 0.4023423 0.8058675 0.8336049 0.4399711 0.6313382 0.6856074 0.2644840 0.7869512 0.4311655 0.5612707 0.6396120 0.4513108 0.4214290 0.7906387 0.8364016 0.5689076 
Pachylemur_jullyi                 0.7438336 0.7470041 0.4010267 0.7674490 0.8059476 0.7974305 0.7860212 0.3466168 0.8058218 0.8028845 0.8245193 0.6484012 0.2506902 0.2447273 0.5727179 0.7480594 0.2318623 0.6862229 8.9999989 0.7475708 0.2373465 0.8290533 0.3885423 0.8350890 0.5998309 0.8066362 0.3531564 0.7961090 0.7608502 0.7795214 0.7489151 0.0000000 0.3492630 0.7388540 0.8273010 0.8264818 0.5972750 0.4125498 0.7845436 0.8024246 0.8161802 0.7653015 0.2432502 0.7789149 0.7186342 0.7949740 0.8022165 0.7747786 0.6232923 0.6239096 0.7373673 
Palaeopropithecus_ingens          0.7727986 0.7610383 0.3059882 0.7747545 0.8194356 0.8205831 0.8230455 0.3188971 0.8194700 0.8224525 0.8368788 0.6696382 0.3256499 0.3158753 0.6792023 0.7662014 0.2958155 0.7108733 8.9999984 0.7727082 0.3053675 0.8432190 0.3648682 0.8595202 0.5908791 0.8351999 0.3727086 0.8096243 0.7906295 0.7984854 0.7756979 0.3492630 0.0000000 0.7694755 0.8460876 0.8436673 0.5970887 0.3751992 0.7931356 0.8112631 0.8190570 0.7783872 0.3147654 0.8094852 0.7093581 0.8107038 0.8316108 0.8007661 0.6096315 0.6199281 0.7492347 
Pan_troglodytes_ellioti           0.5821471 0.5799818 0.7846067 0.5870514 0.6121426 0.6118580 0.3860673 0.7502115 0.6445059 0.6494937 0.6493036 0.7747483 0.7622445 0.7457990 0.8307339 0.1280743 0.7170136 0.0953184 8.9999984 0.2431555 0.7483395 0.6721215 0.7999481 0.4033314 0.8116610 0.3910736 0.7880696 0.6058274 0.3601736 0.4067062 0.2460020 0.7388540 0.7694755 0.0000000 0.4076978 0.4041092 0.7882563 0.8097443 0.4148899 0.6114063 0.6526054 0.2128487 0.7593275 0.4049838 0.5466007 0.6023218 0.4201111 0.4039033 0.7610978 0.8357547 0.5195380 
Papio_papio                       0.6598268 0.6660785 0.8871627 0.6559339 0.7031764 0.6868069 0.1992462 0.8339642 0.7390071 0.7457844 0.7198400 0.7973407 0.8521713 0.8429745 0.7795571 0.4121259 0.7806409 0.3929407 8.9999982 0.4157809 0.8355590 0.7532320 0.8392314 0.1235263 0.9012239 0.2041864 0.8764907 0.7040549 0.2196687 0.3125215 0.4058680 0.8273010 0.8460876 0.4076978 0.0000000 0.0493201 0.9136594 0.9077667 0.3162770 0.6843946 0.7419760 0.4187001 0.8491943 0.3155229 0.6333354 0.6612293 0.3224607 0.3146543 0.8825021 0.9297723 0.6482983 
Papio_ursinus                     0.6570926 0.6617169 0.8907418 0.6541066 0.7004764 0.6859059 0.1977571 0.8369799 0.7456551 0.7497761 0.7152087 0.7959205 0.8555007 0.8361898 0.7778180 0.4086784 0.7830977 0.3866650 8.9999986 0.4107404 0.8383860 0.7503274 0.8509243 0.1228176 0.9023966 0.2035543 0.8811334 0.7003702 0.2145339 0.3082846 0.4023423 0.8264818 0.8436673 0.4041092 0.0493201 0.0000000 0.9126470 0.9093026 0.3183226 0.6856375 0.7497668 0.4147352 0.8471783 0.3165376 0.6380832 0.6599200 0.3216730 0.3121429 0.8811140 0.9323294 0.6565486 
Perodicticus_potto_edwarsi        0.8289692 0.8355772 0.6343712 0.8360187 0.8435615 0.8895956 0.8720883 0.5888792 0.8796040 0.8817394 0.8821076 0.6760372 0.5897160 0.5871617 0.4222501 0.8193374 0.5526762 0.7447667 8.9999986 0.8196868 0.5737622 0.9100927 0.6238228 0.9097829 0.3621265 0.8759284 0.6329424 0.8417650 0.8207562 0.8528469 0.8058675 0.5972750 0.5970887 0.7882563 0.9136594 0.9126470 0.0000000 0.6426017 0.8473719 0.8469298 0.8978451 0.8103847 0.5812642 0.8561597 0.7772673 0.8898647 0.8808172 0.8364660 0.6944648 0.3743690 0.8131761 
Phaner_electromontis              0.8284828 0.8155812 0.4435092 0.8528469 0.8824244 0.8675097 0.8754117 0.3452458 0.8570885 0.8621854 0.8784582 0.6837339 0.3883502 0.3868705 0.5329183 0.8203715 0.3635986 0.7695194 8.9999985 0.8380321 0.3705009 0.8619843 0.4017502 0.9154259 0.6277389 0.8977624 0.4542022 0.8578375 0.8297551 0.8567913 0.8336049 0.4125498 0.3751992 0.8097443 0.9077667 0.9093026 0.6426017 0.0000000 0.8574654 0.8619368 0.8718586 0.8389231 0.3733543 0.8452155 0.7753744 0.8603718 0.8813826 0.8464590 0.6702056 0.6418018 0.7823973 
Piliocolobus_badius               0.6492121 0.6405697 0.8555377 0.6473429 0.6963809 0.6884708 0.2994027 0.7682180 0.7078966 0.7163045 0.7088564 0.8068819 0.7722632 0.7578565 0.8543396 0.4150289 0.7029640 0.4020564 8.8461348 0.4291064 0.7707075 0.7111379 0.8294311 0.3231747 0.8420810 0.3151201 0.8433899 0.6902621 0.2938941 0.2246362 0.4399711 0.7845436 0.7931356 0.4148899 0.3162770 0.3183226 0.8473719 0.8574654 0.0000000 0.6878075 0.7123280 0.4456325 0.7705394 0.2206136 0.6135635 0.6700677 0.2318177 0.2177934 0.7986714 0.8553734 0.6116368 
Pithecia_vanzolinii               0.2654555 0.2592415 0.8798222 0.2739148 0.3054782 0.3024988 0.6573748 0.7846223 0.2924870 0.2901817 0.1682994 0.8582667 0.8017734 0.7905983 0.7337481 0.6209446 0.7427532 0.5625691 8.9999988 0.6348863 0.7794599 0.3330559 0.8426882 0.6873035 0.8566702 0.6999067 0.8448476 0.3000513 0.6302089 0.6841848 0.6313382 0.8024246 0.8112631 0.6114063 0.6843946 0.6856375 0.8469298 0.8619368 0.6878075 0.0000000 0.3018165 0.6363997 0.7865483 0.6769251 0.2764203 0.2943252 0.6941938 0.6844013 0.8236188 0.8641677 0.2776958 
Plecturocebus_bernhardi           0.2813909 0.2832254 0.8700421 0.3008365 0.3460538 0.3166390 0.7135193 0.8109896 0.1735699 0.1744232 0.3156549 0.9039007 0.7930549 0.7741576 0.5769206 0.6575969 0.7490808 0.6036891 8.9999981 0.6939427 0.7944413 0.3588444 0.8525256 0.7475502 0.8959545 0.7414687 0.8708355 0.3335544 0.6669798 0.7249180 0.6856074 0.8161802 0.8190570 0.6526054 0.7419760 0.7497668 0.8978451 0.8718586 0.7123280 0.3018165 0.0000000 0.6834474 0.7899993 0.7036111 0.3100071 0.3156041 0.7209904 0.7298758 0.8769389 0.9209777 0.1850211 
Pongo_pygmaeus                    0.5959956 0.6176078 0.8253449 0.6068584 0.6395420 0.6501738 0.3877593 0.7823844 0.6725953 0.6660085 0.6724576 0.7613765 0.7891353 0.7755056 0.7370475 0.2145387 0.7514906 0.2011398 8.9999983 0.2663637 0.7688513 0.7104233 0.8217242 0.4035311 0.8403613 0.3923555 0.8256368 0.6335621 0.3644838 0.4229102 0.2644840 0.7653015 0.7783872 0.2128487 0.4187001 0.4147352 0.8103847 0.8389231 0.4456325 0.6363997 0.6834474 0.0000000 0.7928103 0.4353302 0.5701202 0.6381773 0.4541910 0.4236431 0.7971495 0.8610435 0.5541455 
Prolemur_simus                    0.7598814 0.7511284 0.3835169 0.7845346 0.8139278 0.8078395 0.8083640 0.3101754 0.7819483 0.7832362 0.8028110 0.6470386 0.1793019 0.1758756 0.5563105 0.7590900 0.1101656 0.7155978 8.9286345 0.7757526 0.1192099 0.8223421 0.3629288 0.8479696 0.5734492 0.8273953 0.3224515 0.8032219 0.7686341 0.7811150 0.7869512 0.2432502 0.3147654 0.7593275 0.8491943 0.8471783 0.5812642 0.3733543 0.7705394 0.7865483 0.7899993 0.7928103 0.0000000 0.7864859 0.7229942 0.7929270 0.8020497 0.7812335 0.5891689 0.6121370 0.7288683 
Rhinopithecus_bieti               0.6349335 0.6295337 0.8717953 0.6413804 0.6795583 0.6599843 0.3013203 0.7807433 0.7010110 0.7079623 0.6935518 0.8175400 0.7861028 0.7830306 0.7691170 0.4169187 0.7289588 0.3935583 8.7323648 0.4268157 0.7765758 0.7049542 0.8423405 0.3204336 0.8638489 0.3108522 0.8471993 0.6766903 0.2933032 0.1588561 0.4311655 0.7789149 0.8094852 0.4049838 0.3155229 0.3165376 0.8561597 0.8452155 0.2206136 0.6769251 0.7036111 0.4353302 0.7864859 0.0000000 0.6099221 0.6523021 0.1978482 0.1590402 0.8149469 0.8724093 0.6020168 
Saguinus_oedipus                  0.2595196 0.2406457 0.7332209 0.2620298 0.2271020 0.2792214 0.5931162 0.7111249 0.3043024 0.2969516 0.2973901 0.7480626 0.6927778 0.7065088 0.0000010 0.5691944 0.6778440 0.5316737 8.9999986 0.5612896 0.7051581 0.2633537 0.7640498 0.6511129 0.7976737 0.6312105 0.7161421 0.2253136 0.5873770 0.6222820 0.5612707 0.7186342 0.7093581 0.5466007 0.6333354 0.6380832 0.7772673 0.7753744 0.6135635 0.2764203 0.3100071 0.5701202 0.7229942 0.6099221 0.0000000 0.2773876 0.6269380 0.6215890 0.7202752 0.8013075 0.3202031 
Sapajus_xanthosternos             0.2455529 0.2273070 0.8671075 0.2599242 0.2740645 0.0978361 0.6512020 0.7835786 0.3119820 0.3200391 0.3028494 0.8537050 0.7885362 0.7869178 0.6849360 0.6146582 0.7484158 0.5580116 8.7370140 0.6447512 0.7859399 0.2965745 0.8548581 0.6671180 0.8545772 0.6712456 0.8565921 0.2658442 0.6116340 0.6600838 0.6396120 0.7949740 0.8107038 0.6023218 0.6612293 0.6599200 0.8898647 0.8603718 0.6700677 0.2943252 0.3156041 0.6381773 0.7929270 0.6523021 0.2773876 0.0000000 0.6734627 0.6637529 0.8332985 0.8869735 0.3117340 
Semnopithecus_entellus            0.6560410 0.6483356 0.8946354 0.6642399 0.7063492 0.6848237 0.3035953 0.8038849 0.7174538 0.7218785 0.7120959 0.8543956 0.8100493 0.7989423 0.8517548 0.4256649 0.7404883 0.4033313 8.9999985 0.4418165 0.7992992 0.7294183 0.8543246 0.3218032 0.8804427 0.3230765 0.8535789 0.7000399 0.3047021 0.1950243 0.4513108 0.8022165 0.8316108 0.4201111 0.3224607 0.3216730 0.8808172 0.8813826 0.2318177 0.6941938 0.7209904 0.4541910 0.8020497 0.1978482 0.6269380 0.6734627 0.0000000 0.1958179 0.8251982 0.9089437 0.6213661 
Simias_concolor                   0.6400051 0.6387598 0.8556621 0.6378751 0.6939019 0.6780443 0.2905785 0.7834561 0.7144063 0.7153434 0.7033770 0.8196744 0.7943349 0.7690350 0.7952147 0.4055948 0.7263713 0.3895771 8.6638983 0.4127892 0.7876695 0.7176981 0.8382791 0.3129428 0.8504004 0.3040210 0.8393567 0.6950166 0.2806741 0.0558640 0.4214290 0.7747786 0.8007661 0.4039033 0.3146543 0.3121429 0.8364660 0.8464590 0.2177934 0.6844013 0.7298758 0.4236431 0.7812335 0.1590402 0.6215890 0.6637529 0.1958179 0.0000000 0.7973866 0.8808941 0.6138439 
Tarsius_wallacei                  0.7813528 0.7665610 0.6873198 0.8114052 0.8469595 0.8465228 0.8398205 0.5852708 0.8496108 0.8548339 0.8294332 0.6745742 0.5914579 0.5778076 0.5640184 0.7664893 0.5401013 0.7361651 8.9999986 0.7882245 0.5849489 0.8357699 0.6572703 0.8746606 0.6682718 0.8382890 0.6399942 0.8245912 0.7990952 0.7994722 0.7906387 0.6232923 0.6096315 0.7610978 0.8825021 0.8811140 0.6944648 0.6702056 0.7986714 0.8236188 0.8769389 0.7971495 0.5891689 0.8149469 0.7202752 0.8332985 0.8251982 0.7973866 0.0000000 0.7067708 0.7614978 
Xanthonycticebus_pygmaeus         0.8486796 0.8562009 0.6610026 0.8497026 0.8789825 0.8841429 0.8863033 0.6090914 0.9076255 0.9102882 0.9058173 0.7003879 0.6086804 0.5938574 0.4597665 0.8562983 0.5624696 0.7980178 8.9999984 0.8408325 0.5957924 0.9061010 0.6500797 0.9414154 0.2919303 0.9052935 0.6560032 0.8741270 0.8381633 0.8810023 0.8364016 0.6239096 0.6199281 0.8357547 0.9297723 0.9323294 0.3743690 0.6418018 0.8553734 0.8641677 0.9209777 0.8610435 0.6121370 0.8724093 0.8013075 0.8869735 0.9089437 0.8808941 0.7067708 0.0000000 0.8408374 
Xenothrix_mcgregori               0.2804414 0.2752826 0.7977070 0.2950359 0.3291718 0.3094463 0.6128010 0.7472234 0.0671394 0.0308646 0.2889752 0.8106498 0.7218491 0.7207977 0.6054305 0.5376079 0.6943852 0.5002324 8.9999983 0.5678151 0.7193934 0.3447539 0.7928771 0.6574170 0.7952283 0.6364180 0.7517039 0.3101840 0.5988374 0.6100678 0.5689076 0.7373673 0.7492347 0.5195380 0.6482983 0.6565486 0.8131761 0.7823973 0.6116368 0.2776958 0.1850211 0.5541455 0.7288683 0.6020168 0.3202031 0.3117340 0.6213661 0.6138439 0.7614978 0.8408374 0.0000000 
