18
Pongo_abelii                 0.0000000 0.0270053 0.0172086 0.0133146 0.0250244 0.0309819 0.0230421 0.0210955 0.0191670 0.0191670 0.0215093 0.0215093 0.0254728 0.0270721 0.0211227 0.0683582 0.0752194 0.1055363 
Saimiri_boliviensis          0.0270053 0.0000000 0.0290255 0.0250260 0.0328989 0.0349566 0.0269622 0.0289224 0.0269798 0.0269798 0.0294657 0.0294657 0.0334634 0.0349931 0.0289600 0.0706421 0.0797209 0.1148027 
Homo_sapiens                 0.0172086 0.0290255 0.0000000 0.0076007 0.0192322 0.0251523 0.0207136 0.0191706 0.0134046 0.0134046 0.0156403 0.0156403 0.0195913 0.0212517 0.0153482 0.0622181 0.0732391 0.0975624 
Nomascus_leucogenys          0.0133146 0.0250260 0.0076007 0.0000000 0.0153053 0.0211715 0.0167015 0.0152570 0.0095242 0.0095242 0.0116736 0.0116736 0.0155976 0.0172967 0.0114506 0.0619225 0.0728859 0.0971195 
Rhinopithecus_bieti          0.0250244 0.0328989 0.0192322 0.0153053 0.0000000 0.0056982 0.0127164 0.0113988 0.0056923 0.0056923 0.0095252 0.0095252 0.0095432 0.0134004 0.0114335 0.0671539 0.0771127 0.1011694 
Rhinopithecus_roxellana      0.0309819 0.0349566 0.0251523 0.0211715 0.0056982 0.0000000 0.0147340 0.0172001 0.0114538 0.0114538 0.0153326 0.0153326 0.0153618 0.0192591 0.0172534 0.0736006 0.0838018 0.1079922 
Colobus_angolensis_palliatus 0.0230421 0.0269622 0.0207136 0.0167015 0.0127164 0.0147340 0.0000000 0.0056805 0.0066781 0.0066781 0.0107333 0.0107333 0.0147145 0.0147491 0.0127154 0.0681454 0.0781851 0.1029518 
Piliocolobus_tephrosceles    0.0210955 0.0289224 0.0191706 0.0152570 0.0113988 0.0172001 0.0056805 0.0000000 0.0056749 0.0056749 0.0094957 0.0094957 0.0133280 0.0133583 0.0113980 0.0660444 0.0760101 0.1006295 
Macaca_mulatta               0.0191670 0.0269798 0.0134046 0.0095242 0.0056923 0.0114538 0.0066781 0.0056749 0.0000000 0.0000010 0.0037934 0.0037934 0.0076069 0.0076239 0.0056920 0.0639952 0.0738971 0.0980103 
Macaca_fascicularis          0.0191670 0.0269798 0.0134046 0.0095242 0.0056923 0.0114538 0.0066781 0.0056749 0.0000010 0.0000000 0.0037934 0.0037934 0.0076069 0.0076239 0.0056920 0.0639952 0.0738971 0.0980103 
Papio_anubis                 0.0215093 0.0294657 0.0156403 0.0116736 0.0095252 0.0153326 0.0107333 0.0094957 0.0037934 0.0037934 0.0000000 0.0000010 0.0037896 0.0076205 0.0077556 0.0671300 0.0772491 0.0994497 
Mandrillus_leucophaeus       0.0215093 0.0294657 0.0156403 0.0116736 0.0095252 0.0153326 0.0107333 0.0094957 0.0037934 0.0037934 0.0000010 0.0000000 0.0037896 0.0076205 0.0077556 0.0671300 0.0772491 0.0994497 
Cercocebus_atys              0.0254728 0.0334634 0.0195913 0.0155976 0.0095432 0.0153618 0.0147145 0.0133280 0.0076069 0.0076069 0.0037896 0.0037896 0.0000000 0.0114606 0.0116574 0.0681535 0.0782451 0.1003392 
Theropithecus_gelada         0.0270721 0.0349931 0.0212517 0.0172967 0.0134004 0.0192591 0.0147491 0.0133583 0.0076239 0.0076239 0.0076205 0.0076205 0.0114606 0.0000000 0.0133993 0.0706287 0.0808082 0.1051162 
Chlorocebus_sabaeus          0.0211227 0.0289600 0.0153482 0.0114506 0.0114335 0.0172534 0.0127154 0.0113980 0.0056920 0.0056920 0.0077556 0.0077556 0.0116574 0.0133993 0.0000000 0.0661355 0.0761182 0.1014696 
Propithecus_coquereli        0.0683582 0.0706421 0.0622181 0.0619225 0.0671539 0.0736006 0.0681454 0.0660444 0.0639952 0.0639952 0.0671300 0.0671300 0.0681535 0.0706287 0.0661355 0.0000000 0.0457521 0.0948078 
Otolemur_garnettii           0.0752194 0.0797209 0.0732391 0.0728859 0.0771127 0.0838018 0.0781851 0.0760101 0.0738971 0.0738971 0.0772491 0.0772491 0.0782451 0.0808082 0.0761182 0.0457521 0.0000000 0.1070756 
Carlito_syrichta             0.1055363 0.1148027 0.0975624 0.0971195 0.1011694 0.1079922 0.1029518 0.1006295 0.0980103 0.0980103 0.0994497 0.0994497 0.1003392 0.1051162 0.1014696 0.0948078 0.1070756 0.0000000 
