51
Alouatta_caraya                   0.0000000 0.2293739 0.8735766 0.1915571 0.2719798 0.2729904 0.6833453 0.8083041 0.2990130 0.3001610 0.2953831 0.8813810 0.7897733 0.7769078 0.6307608 0.7369468 0.5779103 0.5928632 0.5932663 0.6525619 0.7639650 0.2883445 0.8547368 0.7108342 0.8917807 0.7069199 0.8413524 0.2659884 0.6550075 0.6892260 0.6491690 0.7759296 0.8135178 0.6270663 0.7308870 0.7267000 0.8940036 0.8490868 0.7005424 0.2815549 0.2946824 0.6513136 0.7989934 0.6932332 0.2809588 0.2689351 0.7036343 0.6906413 0.8126782 0.9107432 0.2947569 
Aotus_nancymaae                   0.2293739 0.0000000 0.8816478 0.2424091 0.2582857 0.2469504 0.6937984 0.8081012 0.2964008 0.2943751 0.2939786 0.8890378 0.7966099 0.7979146 0.6451460 0.7406862 0.5746357 0.5924710 0.5884350 0.6585691 0.7761942 0.2680070 0.8604076 0.7182866 0.8752101 0.7195130 0.8252740 0.2538259 0.6657680 0.6917088 0.6606870 0.7932061 0.8143148 0.6232306 0.7287802 0.7254082 0.9193587 0.8415395 0.6936299 0.2764680 0.2993133 0.6647201 0.8061710 0.6850752 0.2621622 0.2444264 0.6971559 0.6871669 0.8077896 0.9194841 0.2898693 
Avahi_laniger                     0.8735766 0.8816478 0.0000000 0.8959513 0.9289687 0.9256076 0.9298705 0.4078413 0.9419713 0.9469167 0.9262582 0.7319737 0.4212716 0.4022877 0.8330572 0.4057111 0.7882117 0.8076894 0.8063580 0.8599236 0.4044695 0.9599755 0.4520674 0.9607555 0.6885494 0.9503515 0.4600519 0.9270520 0.8755613 0.9216193 0.8739638 0.4434501 0.3206085 0.8399930 0.9657392 0.9658280 0.7090749 0.4756082 0.9125434 0.9283219 0.9130807 0.8828563 0.4218843 0.9318205 0.7783051 0.9152463 0.9459284 0.9108062 0.7366672 0.7288669 0.8523398 
Brachyteles_arachnoides           0.1915571 0.2424091 0.8959513 0.0000000 0.2787728 0.2814830 0.6826295 0.8233206 0.3178000 0.3204122 0.3236084 0.8851054 0.8387996 0.8081128 0.6460400 0.7690573 0.5924347 0.6126962 0.6118133 0.6545940 0.8141000 0.3063068 0.8828543 0.7159607 0.8737347 0.7151741 0.8666164 0.2719628 0.6491161 0.6844402 0.6541460 0.8144556 0.8316036 0.6417353 0.7259792 0.7226111 0.9081819 0.8766034 0.7042534 0.2958721 0.3246846 0.6696352 0.8424897 0.7034404 0.2862063 0.2838717 0.7168130 0.6920150 0.8562721 0.9145641 0.3106433 
Callithrix_geoffroyi              0.2719798 0.2582857 0.9289687 0.2787728 0.0000000 0.2936914 0.7351584 0.8524131 0.3512571 0.3574827 0.3344937 0.9260011 0.8537425 0.8459957 0.6800888 0.7986517 0.6091101 0.6271829 0.6297266 0.7015962 0.8288917 0.2754626 0.8924043 0.7587493 0.9170183 0.7626112 0.8770483 0.1117699 0.6951079 0.7449028 0.6989498 0.8528420 0.8758842 0.6639272 0.7643503 0.7589262 0.9067676 0.8910046 0.7517144 0.3207740 0.3637504 0.6986765 0.8668117 0.7340474 0.2453231 0.2871693 0.7556481 0.7482863 0.8898595 0.9409801 0.3481418 
Cebus_imitator                    0.2729904 0.2469504 0.9256076 0.2814830 0.2936914 0.0000000 0.7195344 0.8473855 0.3323634 0.3364080 0.3344728 0.9533025 0.8489355 0.8326419 0.6758663 0.8015758 0.5985775 0.6189326 0.6217204 0.7051611 0.8268223 0.3048361 0.8937470 0.7576750 0.9224309 0.7537643 0.8854163 0.2860917 0.6909754 0.7291819 0.7065949 0.8445894 0.8807488 0.6602389 0.7569689 0.7544926 0.9657110 0.9015304 0.7280905 0.3209269 0.3341721 0.7073945 0.8598749 0.7219147 0.3003226 0.0997746 0.7387364 0.7319199 0.8941759 0.9544139 0.3257809 
Cercocebus_atys_atys              0.6833453 0.6937984 0.9298705 0.6826295 0.7351584 0.7195344 0.0000000 0.8555038 0.7666536 0.7669651 0.7601072 0.8610100 0.8619037 0.8430825 0.4111534 0.8046500 0.3932494 0.4046813 0.4057724 0.4122264 0.8466373 0.7791107 0.8755591 0.2056255 0.9262766 0.1815316 0.8721983 0.7116427 0.2167732 0.3087138 0.4213835 0.8380019 0.8793367 0.4111528 0.2088399 0.2071347 0.9530224 0.8963676 0.3192616 0.7144310 0.7630151 0.4168170 0.8810488 0.3172742 0.6370510 0.7078171 0.3207123 0.3060902 0.8866783 0.9516871 0.6544870 
Cheirogaleus_sibreei              0.8083041 0.8081012 0.4078413 0.8233206 0.8524131 0.8473855 0.8555038 0.0000000 0.8541428 0.8672031 0.8527089 0.6909435 0.3536642 0.3399678 0.8145700 0.3350245 0.7720681 0.7999991 0.7993378 0.8326631 0.3383785 0.8600695 0.3712757 0.9052442 0.6352772 0.8974970 0.4260672 0.8459304 0.8283199 0.8621203 0.8393744 0.3829794 0.3558729 0.8163859 0.9090356 0.9138536 0.6465931 0.3743073 0.8407787 0.8409576 0.8561854 0.8433683 0.3473789 0.8522217 0.7488556 0.8386847 0.8718752 0.8515178 0.6376952 0.6705373 0.7860276 
Cheracebus_lucifer                0.2990130 0.2964008 0.9419713 0.3178000 0.3512571 0.3323634 0.7666536 0.8541428 0.0000000 0.0448151 0.3259111 0.9594751 0.8326638 0.8233231 0.7042325 0.7830082 0.6368305 0.6537910 0.6545183 0.7286592 0.8200464 0.3700202 0.8972884 0.8052499 0.9045662 0.8004440 0.8563521 0.3426137 0.7352845 0.7674638 0.7273075 0.8489043 0.8751206 0.6924485 0.8095117 0.8123643 0.9342942 0.8861821 0.7602983 0.3110926 0.1874921 0.7230308 0.8392977 0.7590477 0.3271097 0.3320325 0.7759412 0.7695480 0.8901663 0.9509492 0.0688316 
Cheracebus_lugens                 0.3001610 0.2943751 0.9469167 0.3204122 0.3574827 0.3364080 0.7669651 0.8672031 0.0448151 0.0000000 0.3242081 0.9612535 0.8398839 0.8272520 0.7074956 0.7911438 0.6411292 0.6572613 0.6567127 0.7325570 0.8254666 0.3665795 0.8953540 0.8136753 0.9102911 0.7940493 0.8594847 0.3430704 0.7389753 0.7736015 0.7283981 0.8501188 0.8790651 0.6961194 0.8141715 0.8152857 0.9386930 0.8866167 0.7665633 0.3070642 0.1873956 0.7228121 0.8400120 0.7624628 0.3224675 0.3414702 0.7756679 0.7709959 0.8889950 0.9507237 0.0315068 
Chiropotes_sagulatus              0.2953831 0.2939786 0.9262582 0.3236084 0.3344937 0.3344728 0.7601072 0.8527089 0.3259111 0.3242081 0.0000000 0.9514925 0.8399357 0.8446976 0.6998480 0.7853396 0.6435677 0.6610935 0.6630353 0.7245756 0.8335947 0.3615875 0.8888629 0.7929775 0.9437763 0.7904612 0.8736837 0.3315843 0.7101849 0.7698346 0.7273828 0.8642781 0.8873176 0.6937920 0.7939082 0.7887773 0.9527162 0.9052474 0.7678749 0.1758560 0.3287345 0.7295306 0.8562670 0.7581393 0.3245744 0.3257328 0.7643629 0.7597293 0.8747833 0.9612264 0.3076903 
Cynocephalus_volans               0.8813810 0.8890378 0.7319737 0.8851054 0.9260011 0.9533025 0.8610100 0.6909435 0.9594751 0.9612535 0.9514925 0.0000000 0.6879776 0.6802562 0.8309779 0.6676844 0.7661849 0.7916676 0.7854229 0.8155368 0.6951099 0.9553490 0.7262181 0.8879443 0.7435575 0.8567169 0.7193100 0.8902699 0.8285879 0.8905330 0.8326903 0.7102385 0.7286286 0.8366956 0.8901597 0.8888675 0.7626838 0.7392420 0.8868813 0.9353417 0.9496146 0.8286241 0.7149080 0.9055562 0.7997145 0.9367151 0.9366354 0.8914292 0.7134063 0.7603915 0.8689625 
Eulemur_macaco_macaco             0.7897733 0.7966099 0.4212716 0.8387996 0.8537425 0.8489355 0.8619037 0.3536642 0.8326638 0.8398839 0.8399357 0.6879776 0.0000000 0.0798154 0.8044884 0.1848083 0.7421769 0.7622345 0.7647548 0.8183396 0.1853023 0.8782538 0.4089605 0.9075610 0.6173894 0.8929313 0.3587081 0.8439325 0.8304224 0.8377989 0.8292501 0.2667333 0.3577539 0.7987210 0.9104122 0.9127141 0.6322891 0.4251141 0.8192399 0.8386158 0.8200592 0.8334969 0.1934904 0.8350148 0.7257601 0.8300159 0.8490438 0.8368248 0.6326880 0.6554503 0.7607154 
Eulemur_rufus                     0.7769078 0.7979146 0.4022877 0.8081128 0.8459957 0.8326419 0.8430825 0.3399678 0.8233231 0.8272520 0.8446976 0.6802562 0.0798154 0.0000000 0.8006795 0.1821809 0.7528396 0.7734773 0.7735756 0.8099529 0.1783017 0.8479810 0.3973735 0.8892787 0.6149405 0.8808516 0.3487144 0.8294761 0.8234290 0.8208091 0.8125538 0.2581435 0.3413860 0.7917904 0.8978872 0.8887211 0.6236173 0.4161464 0.7993165 0.8452077 0.8092334 0.8142893 0.1867012 0.8290836 0.7393748 0.8309765 0.8356968 0.8150559 0.6211439 0.6354001 0.7607401 
Gorilla_gorilla_gorilla           0.6307608 0.6451460 0.8330572 0.6460400 0.6800888 0.6758663 0.4111534 0.8145700 0.7042325 0.7074956 0.6998480 0.8309779 0.8044884 0.8006795 0.0000000 0.7855545 0.1283122 0.1335908 0.1350343 0.2610759 0.7924093 0.7265378 0.8613602 0.4392772 0.9054279 0.4216712 0.8206669 0.6575065 0.4119296 0.4329523 0.2657004 0.7922819 0.8251262 0.1319375 0.4406208 0.4384444 0.8766513 0.8528566 0.4449736 0.6720505 0.7031276 0.2280165 0.8235045 0.4442118 0.6038794 0.6616749 0.4514219 0.4305961 0.8034207 0.9089551 0.5725502 
Hapalemur_griseus_griseus         0.7369468 0.7406862 0.4057111 0.7690573 0.7986517 0.8015758 0.8046500 0.3350245 0.7830082 0.7911438 0.7853396 0.6676844 0.1848083 0.1821809 0.7855545 0.0000000 0.7294455 0.7504025 0.7506348 0.7855287 0.1196615 0.8014570 0.3876549 0.8448380 0.5716397 0.8407095 0.3416005 0.7892652 0.7937907 0.7941897 0.7953511 0.2476731 0.3242966 0.7730518 0.8457404 0.8464727 0.5996339 0.3927719 0.7557687 0.7923255 0.7814689 0.8105106 0.1145850 0.7830825 0.7169824 0.7876346 0.7914785 0.7793317 0.5903204 0.6147223 0.7298866 
Homo_heidelbergensis              0.5779103 0.5746357 0.7882117 0.5924347 0.6091101 0.5985775 0.3932494 0.7720681 0.6368305 0.6411292 0.6435677 0.7661849 0.7421769 0.7528396 0.1283122 0.7294455 0.0000000 0.0178925 0.0129452 0.2481204 0.7419137 0.6559834 0.8015274 0.4087459 0.8433380 0.3911190 0.7619313 0.5996472 0.3688929 0.4176183 0.2473533 0.7342330 0.7685626 0.0974375 0.4184326 0.4115555 0.8017440 0.8032241 0.4255679 0.6090583 0.6433332 0.2117649 0.7733926 0.4177007 0.5601677 0.5950229 0.4238366 0.4111234 0.7685902 0.8469961 0.5305701 
Homo_sapiens_neanderthalensis     0.5928632 0.5924710 0.8076894 0.6126962 0.6271829 0.6189326 0.4046813 0.7999991 0.6537910 0.6572613 0.6610935 0.7916676 0.7622345 0.7734773 0.1335908 0.7504025 0.0178925 0.0000000 0.0232136 0.2563095 0.7622686 0.6756510 0.8307427 0.4174516 0.8618955 0.4041674 0.7826665 0.6119083 0.3765996 0.4296476 0.2582559 0.7580943 0.7945446 0.0993900 0.4323396 0.4262341 0.8239969 0.8323503 0.4401154 0.6298680 0.6543873 0.2202452 0.7942637 0.4325311 0.5757793 0.6152377 0.4368739 0.4210901 0.7925412 0.8692238 0.5451964 
Homo_sapiens_subsp.__Denisova_    0.5932663 0.5884350 0.8063580 0.6118133 0.6297266 0.6217204 0.4057724 0.7993378 0.6545183 0.6567127 0.6630353 0.7854229 0.7647548 0.7735756 0.1350343 0.7506348 0.0129452 0.0232136 0.0000000 0.2566998 0.7626162 0.6788275 0.8299663 0.4183783 0.8653690 0.4059361 0.7839103 0.6208222 0.3779950 0.4296984 0.2537006 0.7604437 0.7908037 0.1016792 0.4306118 0.4250439 0.8219130 0.8294589 0.4418360 0.6295373 0.6568561 0.2179792 0.7956729 0.4319502 0.5752006 0.6163043 0.4371169 0.4187575 0.7902040 0.8632136 0.5445513 
Hylobates_pileatus                0.6525619 0.6585691 0.8599236 0.6545940 0.7015962 0.7051611 0.4122264 0.8326631 0.7286592 0.7325570 0.7245756 0.8155368 0.8183396 0.8099529 0.2610759 0.7855287 0.2481204 0.2563095 0.2566998 0.0000000 0.8252749 0.7511554 0.8592687 0.4374220 0.8716111 0.4158588 0.8492956 0.6838363 0.4058529 0.4350103 0.1270912 0.7938070 0.8301485 0.2520352 0.4443678 0.4408906 0.8833900 0.8709825 0.4553175 0.6841308 0.7327970 0.2815225 0.8429608 0.4532713 0.5988775 0.6928718 0.4628856 0.4310393 0.8189428 0.8976309 0.6024875 
Lemur_catta                       0.7639650 0.7761942 0.4044695 0.8141000 0.8288917 0.8268223 0.8466373 0.3383785 0.8200464 0.8254666 0.8335947 0.6951099 0.1853023 0.1783017 0.7924093 0.1196615 0.7419137 0.7622686 0.7626162 0.8252749 0.0000000 0.8326711 0.3974158 0.8895954 0.6057523 0.8866109 0.3460984 0.8281978 0.8284020 0.8333633 0.8229022 0.2511308 0.3310793 0.7960873 0.9004919 0.8963405 0.6174790 0.3991158 0.8128554 0.8202089 0.8262629 0.8224959 0.1240623 0.8236303 0.7401165 0.8173485 0.8346409 0.8293305 0.6181316 0.6396650 0.7588205 
Leontopithecus_rosalia            0.2883445 0.2680070 0.9599755 0.3063068 0.2754626 0.3048361 0.7791107 0.8600695 0.3700202 0.3665795 0.3615875 0.9553490 0.8782538 0.8479810 0.7265378 0.8014570 0.6559834 0.6756510 0.6788275 0.7511554 0.8326711 0.0000000 0.9313365 0.8088645 0.9309837 0.8056737 0.8847915 0.2627044 0.7384049 0.7616519 0.7509584 0.8760078 0.8927936 0.7178591 0.8200651 0.8145181 0.9856716 0.8842108 0.7547092 0.3483851 0.3760497 0.7664440 0.8708134 0.7590319 0.2848614 0.3133429 0.7704461 0.7608276 0.8872513 0.9653228 0.3629221 
Lepilemur_aeeclis                 0.8547368 0.8604076 0.4520674 0.8828543 0.8924043 0.8937470 0.8755591 0.3712757 0.8972884 0.8953540 0.8888629 0.7262181 0.4089605 0.3973735 0.8613602 0.3876549 0.8015274 0.8307427 0.8299663 0.8592687 0.3974158 0.9313365 0.0000000 0.9266807 0.6787743 0.8938731 0.4481928 0.8915521 0.8492587 0.9019288 0.8674218 0.4205610 0.3908967 0.8621520 0.9057971 0.9141269 0.6760768 0.4226447 0.8838557 0.8791812 0.8852312 0.8681466 0.4029189 0.9004632 0.8085185 0.8971327 0.9068320 0.8920457 0.7104668 0.7081472 0.8377081 
Lophocebus_aterrimus              0.7108342 0.7182866 0.9607555 0.7159607 0.7587493 0.7576750 0.2056255 0.9052442 0.8052499 0.8136753 0.7929775 0.8879443 0.9075610 0.8892787 0.4392772 0.8448380 0.4087459 0.4174516 0.4183783 0.4374220 0.8895954 0.8088645 0.9266807 0.0000000 0.9502968 0.2158199 0.9039272 0.7545906 0.2315371 0.3290302 0.4350920 0.9035531 0.9383206 0.4336927 0.1293893 0.1276271 0.9991180 0.9497839 0.3432071 0.7460530 0.8013459 0.4404279 0.9175405 0.3392287 0.6959613 0.7284016 0.3405451 0.3317338 0.9232474 1.0124743 0.6948694 
Loris_lydekkerianus_lydekkerianus 0.8917807 0.8752101 0.6885494 0.8737347 0.9170183 0.9224309 0.9262766 0.6352772 0.9045662 0.9102911 0.9437763 0.7435575 0.6173894 0.6149405 0.9054279 0.5716397 0.8433380 0.8618955 0.8653690 0.8716111 0.6057523 0.9309837 0.6787743 0.9502968 0.0000000 0.9358741 0.6759016 0.8984703 0.8728771 0.9063037 0.8726349 0.6475480 0.6390214 0.8725381 0.9635956 0.9607634 0.3878269 0.6804546 0.8914432 0.9169777 0.9370078 0.9010514 0.6186818 0.9087624 0.8375019 0.9143128 0.9230194 0.8973091 0.6959828 0.3059518 0.8305076 
Macaca_tonkeana                   0.7069199 0.7195130 0.9503515 0.7151741 0.7626112 0.7537643 0.1815316 0.8974970 0.8004440 0.7940493 0.7904612 0.8567169 0.8929313 0.8808516 0.4216712 0.8407095 0.3911190 0.4041674 0.4059361 0.4158588 0.8866109 0.8056737 0.8938731 0.2158199 0.9358741 0.0000000 0.9037062 0.7464800 0.2184432 0.3209689 0.4291249 0.8727956 0.9115279 0.4159946 0.2161028 0.2146249 0.9600320 0.9297585 0.3334796 0.7607440 0.7874825 0.4275910 0.9062826 0.3303193 0.6755444 0.7266301 0.3414394 0.3204237 0.8926718 0.9718679 0.6808414 
Megaladapis_edwardsi              0.8413524 0.8252740 0.4600519 0.8666164 0.8770483 0.8854163 0.8721983 0.4260672 0.8563521 0.8594847 0.8736837 0.7193100 0.3587081 0.3487144 0.8206669 0.3416005 0.7619313 0.7826665 0.7839103 0.8492956 0.3460984 0.8847915 0.4481928 0.9039272 0.6759016 0.9037062 0.0000000 0.8567081 0.8462905 0.8731598 0.8570276 0.3794775 0.4015179 0.8170613 0.9059688 0.9107070 0.6804025 0.4818005 0.8700976 0.8581426 0.8780447 0.8624764 0.3559238 0.8719574 0.7454139 0.8792973 0.8839082 0.8584660 0.6925965 0.7007603 0.7818656 
Mico_argentatus                   0.2659884 0.2538259 0.9270520 0.2719628 0.1117699 0.2860917 0.7116427 0.8459304 0.3426137 0.3430704 0.3315843 0.8902699 0.8439325 0.8294761 0.6575065 0.7892652 0.5996472 0.6119083 0.6208222 0.6838363 0.8281978 0.2627044 0.8915521 0.7545906 0.8984703 0.7464800 0.8567081 0.0000000 0.6858384 0.7413508 0.6811560 0.8471599 0.8655507 0.6483722 0.7644144 0.7588617 0.9012790 0.8689438 0.7426350 0.3146290 0.3503762 0.6871744 0.8576994 0.7302346 0.2432751 0.2824405 0.7484756 0.7428502 0.8649844 0.9362901 0.3284899 
Miopithecus_talapoin              0.6550075 0.6657680 0.8755613 0.6491161 0.6951079 0.6909754 0.2167732 0.8283199 0.7352845 0.7389753 0.7101849 0.8285879 0.8304224 0.8234290 0.4119296 0.7937907 0.3688929 0.3765996 0.3779950 0.4058529 0.8284020 0.7384049 0.8492587 0.2315371 0.8728771 0.2184432 0.8462905 0.6858384 0.0000000 0.2960219 0.4149191 0.8271895 0.8583503 0.3875722 0.2364394 0.2315702 0.8936587 0.8613049 0.3204984 0.6938429 0.7339113 0.4013175 0.8491997 0.3155123 0.6251969 0.6778108 0.3274001 0.2991888 0.8662252 0.9126848 0.6354545 
Nasalis_larvatus                  0.6892260 0.6917088 0.9216193 0.6844402 0.7449028 0.7291819 0.3087138 0.8621203 0.7674638 0.7736015 0.7698346 0.8905330 0.8377989 0.8208091 0.4329523 0.7941897 0.4176183 0.4296476 0.4296984 0.4350103 0.8333633 0.7616519 0.9019288 0.3290302 0.9063037 0.3209689 0.8731598 0.7413508 0.2960219 0.0000000 0.4574186 0.8298715 0.8570162 0.4332784 0.3331999 0.3286593 0.9309412 0.8878687 0.2365212 0.7353677 0.7746518 0.4566229 0.8542187 0.1641394 0.6676701 0.7113725 0.2055806 0.0551776 0.8512932 0.9444166 0.6533813 
Nomascus_leucogenys               0.6491690 0.6606870 0.8739638 0.6541460 0.6989498 0.7065949 0.4213835 0.8393744 0.7273075 0.7283981 0.7273828 0.8326903 0.8292501 0.8125538 0.2657004 0.7953511 0.2473533 0.2582559 0.2537006 0.1270912 0.8229022 0.7509584 0.8674218 0.4350920 0.8726349 0.4291249 0.8570276 0.6811560 0.4149191 0.4574186 0.0000000 0.8074335 0.8351123 0.2620397 0.4432152 0.4393628 0.8815126 0.8827552 0.4731371 0.6879866 0.7275848 0.2813758 0.8528266 0.4657501 0.5979938 0.6916165 0.4844690 0.4504564 0.8355888 0.8985917 0.6039790 
Pachylemur_jullyi                 0.7759296 0.7932061 0.4434501 0.8144556 0.8528420 0.8445894 0.8380019 0.3829794 0.8489043 0.8501188 0.8642781 0.7102385 0.2667333 0.2581435 0.7922819 0.2476731 0.7342330 0.7580943 0.7604437 0.7938070 0.2511308 0.8760078 0.4205610 0.9035531 0.6475480 0.8727956 0.3794775 0.8471599 0.8271895 0.8298715 0.8074335 0.0000000 0.3828169 0.7932337 0.8971892 0.8981323 0.6582873 0.4506744 0.8379726 0.8455722 0.8459974 0.8174618 0.2670124 0.8308460 0.7709453 0.8443091 0.8491319 0.8191110 0.6676911 0.6790190 0.7791922 
Palaeopropithecus_ingens          0.8135178 0.8143148 0.3206085 0.8316036 0.8758842 0.8807488 0.8793367 0.3558729 0.8751206 0.8790651 0.8873176 0.7286286 0.3577539 0.3413860 0.8251262 0.3242966 0.7685626 0.7945446 0.7908037 0.8301485 0.3310793 0.8927936 0.3908967 0.9383206 0.6390214 0.9115279 0.4015179 0.8655507 0.8583503 0.8570162 0.8351123 0.3828169 0.0000000 0.8362479 0.9258238 0.9277048 0.6568336 0.4011793 0.8527660 0.8618569 0.8641436 0.8424750 0.3492826 0.8679756 0.7563482 0.8640352 0.8777063 0.8560053 0.6532760 0.6636203 0.7912387 
Pan_troglodytes_ellioti           0.6270663 0.6232306 0.8399930 0.6417353 0.6639272 0.6602389 0.4111528 0.8163859 0.6924485 0.6961194 0.6937920 0.8366956 0.7987210 0.7917904 0.1319375 0.7730518 0.0974375 0.0993900 0.1016792 0.2520352 0.7960873 0.7178591 0.8621520 0.4336927 0.8725381 0.4159946 0.8170613 0.6483722 0.3875722 0.4332784 0.2620397 0.7932337 0.8362479 0.0000000 0.4377709 0.4355273 0.8485194 0.8500186 0.4463459 0.6566435 0.6902713 0.2273363 0.8291049 0.4324820 0.5794457 0.6494915 0.4464084 0.4302271 0.7928244 0.8935053 0.5510481 
Papio_papio                       0.7308870 0.7287802 0.9657392 0.7259792 0.7643503 0.7569689 0.2088399 0.9090356 0.8095117 0.8141715 0.7939082 0.8901597 0.9104122 0.8978872 0.4406208 0.8457404 0.4184326 0.4323396 0.4306118 0.4443678 0.9004919 0.8200651 0.9057971 0.1293893 0.9635956 0.2161028 0.9059688 0.7644144 0.2364394 0.3331999 0.4432152 0.8971892 0.9258238 0.4377709 0.0000000 0.0508155 1.0076677 0.9445183 0.3402696 0.7513179 0.8025435 0.4535599 0.9302591 0.3367371 0.6768216 0.7264110 0.3439092 0.3339011 0.9375597 1.0072937 0.6938374 
Papio_ursinus                     0.7267000 0.7254082 0.9658280 0.7226111 0.7589262 0.7544926 0.2071347 0.9138536 0.8123643 0.8152857 0.7887773 0.8888675 0.9127141 0.8887211 0.4384444 0.8464727 0.4115555 0.4262341 0.4250439 0.4408906 0.8963405 0.8145181 0.9141269 0.1276271 0.9607634 0.2146249 0.9107070 0.7588617 0.2315702 0.3286593 0.4393628 0.8981323 0.9277048 0.4355273 0.0508155 0.0000000 1.0026266 0.9480025 0.3404002 0.7496629 0.8121870 0.4498349 0.9261538 0.3376513 0.6776920 0.7260116 0.3432170 0.3304084 0.9349820 1.0081602 0.7025931 
Perodicticus_potto_edwarsi        0.8940036 0.9193587 0.7090749 0.9081819 0.9067676 0.9657110 0.9530224 0.6465931 0.9342942 0.9386930 0.9527162 0.7626838 0.6322891 0.6236173 0.8766513 0.5996339 0.8017440 0.8239969 0.8219130 0.8833900 0.6174790 0.9856716 0.6760768 0.9991180 0.3878269 0.9600320 0.6804025 0.9012790 0.8936587 0.9309412 0.8815126 0.6582873 0.6568336 0.8485194 1.0076677 1.0026266 0.0000000 0.7004096 0.9156109 0.9104465 0.9479466 0.8748721 0.6425326 0.9399396 0.8235271 0.9638529 0.9607833 0.9167427 0.7615383 0.4042769 0.8582711 
Phaner_electromontis              0.8490868 0.8415395 0.4756082 0.8766034 0.8910046 0.9015304 0.8963676 0.3743073 0.8861821 0.8866167 0.9052474 0.7392420 0.4251141 0.4161464 0.8528566 0.3927719 0.8032241 0.8323503 0.8294589 0.8709825 0.3991158 0.8842108 0.4226447 0.9497839 0.6804546 0.9297585 0.4818005 0.8689438 0.8613049 0.8878687 0.8827552 0.4506744 0.4011793 0.8500186 0.9445183 0.9480025 0.7004096 0.0000000 0.8829810 0.8815436 0.8885762 0.8880501 0.4096461 0.8828070 0.8040506 0.8878934 0.9108009 0.8780250 0.7056595 0.6999989 0.8133541 
Piliocolobus_badius               0.7005424 0.6936299 0.9125434 0.7042534 0.7517144 0.7280905 0.3192616 0.8407787 0.7602983 0.7665633 0.7678749 0.8868813 0.8192399 0.7993165 0.4449736 0.7557687 0.4255679 0.4401154 0.4418360 0.4553175 0.8128554 0.7547092 0.8838557 0.3432071 0.8914432 0.3334796 0.8700976 0.7426350 0.3204984 0.2365212 0.4731371 0.8379726 0.8527660 0.4463459 0.3402696 0.3404002 0.9156109 0.8829810 0.0000000 0.7428975 0.7572414 0.4801128 0.8366532 0.2350577 0.6573172 0.7113803 0.2468122 0.2283427 0.8531404 0.9192977 0.6471235 
Pithecia_vanzolinii               0.2815549 0.2764680 0.9283219 0.2958721 0.3207740 0.3209269 0.7144310 0.8409576 0.3110926 0.3070642 0.1758560 0.9353417 0.8386158 0.8452077 0.6720505 0.7923255 0.6090583 0.6298680 0.6295373 0.6841308 0.8202089 0.3483851 0.8791812 0.7460530 0.9169777 0.7607440 0.8581426 0.3146290 0.6938429 0.7353677 0.6879866 0.8455722 0.8618569 0.6566435 0.7513179 0.7496629 0.9104465 0.8815436 0.7428975 0.0000000 0.3113285 0.6971856 0.8437216 0.7370162 0.3023149 0.3147941 0.7432024 0.7354220 0.8694708 0.9169413 0.2936256 
Plecturocebus_bernhardi           0.2946824 0.2993133 0.9130807 0.3246846 0.3637504 0.3341721 0.7630151 0.8561854 0.1874921 0.1873956 0.3287345 0.9496146 0.8200592 0.8092334 0.7031276 0.7814689 0.6433332 0.6543873 0.6568561 0.7327970 0.8262629 0.3760497 0.8852312 0.8013459 0.9370078 0.7874825 0.8780447 0.3503762 0.7339113 0.7746518 0.7275848 0.8459974 0.8641436 0.6902713 0.8025435 0.8121870 0.9479466 0.8885762 0.7572414 0.3113285 0.0000000 0.7305489 0.8416728 0.7605076 0.3339678 0.3313719 0.7700059 0.7770537 0.8914332 0.9550657 0.1942369 
Pongo_pygmaeus                    0.6513136 0.6647201 0.8828563 0.6696352 0.6986765 0.7073945 0.4168170 0.8433683 0.7230308 0.7228121 0.7295306 0.8286241 0.8334969 0.8142893 0.2280165 0.8105106 0.2117649 0.2202452 0.2179792 0.2815225 0.8224959 0.7664440 0.8681466 0.4404279 0.9010514 0.4275910 0.8624764 0.6871744 0.4013175 0.4566229 0.2813758 0.8174618 0.8424750 0.2273363 0.4535599 0.4498349 0.8748721 0.8880501 0.4801128 0.6971856 0.7305489 0.0000000 0.8535611 0.4689803 0.6090622 0.6888797 0.4836306 0.4528193 0.8432568 0.9200130 0.5890532 
Prolemur_simus                    0.7989934 0.8061710 0.4218843 0.8424897 0.8668117 0.8598749 0.8810488 0.3473789 0.8392977 0.8400120 0.8562670 0.7149080 0.1934904 0.1867012 0.8235045 0.1145850 0.7733926 0.7942637 0.7956729 0.8429608 0.1240623 0.8708134 0.4029189 0.9175405 0.6186818 0.9062826 0.3559238 0.8576994 0.8491997 0.8542187 0.8528266 0.2670124 0.3492826 0.8291049 0.9302591 0.9261538 0.6425326 0.4096461 0.8366532 0.8437216 0.8416728 0.8535611 0.0000000 0.8557842 0.7690061 0.8427928 0.8596862 0.8501498 0.6411817 0.6689764 0.7756288 
Rhinopithecus_bieti               0.6932332 0.6850752 0.9318205 0.7034404 0.7340474 0.7219147 0.3172742 0.8522217 0.7590477 0.7624628 0.7581393 0.9055562 0.8350148 0.8290836 0.4442118 0.7830825 0.4177007 0.4325311 0.4319502 0.4532713 0.8236303 0.7590319 0.9004632 0.3392287 0.9087624 0.3303193 0.8719574 0.7302346 0.3155123 0.1641394 0.4657501 0.8308460 0.8679756 0.4324820 0.3367371 0.3376513 0.9399396 0.8828070 0.2350577 0.7370162 0.7605076 0.4689803 0.8557842 0.0000000 0.6598207 0.7102356 0.2100615 0.1637882 0.8603273 0.9320211 0.6427211 
Saguinus_oedipus                  0.2809588 0.2621622 0.7783051 0.2862063 0.2453231 0.3003226 0.6370510 0.7488556 0.3271097 0.3224675 0.3245744 0.7997145 0.7257601 0.7393748 0.6038794 0.7169824 0.5601677 0.5757793 0.5752006 0.5988775 0.7401165 0.2848614 0.8085185 0.6959613 0.8375019 0.6755444 0.7454139 0.2432751 0.6251969 0.6676701 0.5979938 0.7709453 0.7563482 0.5794457 0.6768216 0.6776920 0.8235271 0.8040506 0.6573172 0.3023149 0.3339678 0.6090622 0.7690061 0.6598207 0.0000000 0.2999449 0.6669714 0.6675052 0.7529774 0.8457190 0.3422675 
Sapajus_xanthosternos             0.2689351 0.2444264 0.9152463 0.2838717 0.2871693 0.0997746 0.7078171 0.8386847 0.3320325 0.3414702 0.3257328 0.9367151 0.8300159 0.8309765 0.6616749 0.7876346 0.5950229 0.6152377 0.6163043 0.6928718 0.8173485 0.3133429 0.8971327 0.7284016 0.9143128 0.7266301 0.8792973 0.2824405 0.6778108 0.7113725 0.6916165 0.8443091 0.8640352 0.6494915 0.7264110 0.7260116 0.9638529 0.8878934 0.7113803 0.3147941 0.3313719 0.6888797 0.8427928 0.7102356 0.2999449 0.0000000 0.7184393 0.7144457 0.8779634 0.9558622 0.3297812 
Semnopithecus_entellus            0.7036343 0.6971559 0.9459284 0.7168130 0.7556481 0.7387364 0.3207123 0.8718752 0.7759412 0.7756679 0.7643629 0.9366354 0.8490438 0.8356968 0.4514219 0.7914785 0.4238366 0.4368739 0.4371169 0.4628856 0.8346409 0.7704461 0.9068320 0.3405451 0.9230194 0.3414394 0.8839082 0.7484756 0.3274001 0.2055806 0.4844690 0.8491319 0.8777063 0.4464084 0.3439092 0.3432170 0.9607833 0.9108009 0.2468122 0.7432024 0.7700059 0.4836306 0.8596862 0.2100615 0.6669714 0.7184393 0.0000000 0.2053739 0.8632570 0.9747521 0.6623608 
Simias_concolor                   0.6906413 0.6871669 0.9108062 0.6920150 0.7482863 0.7319199 0.3060902 0.8515178 0.7695480 0.7709959 0.7597293 0.8914292 0.8368248 0.8150559 0.4305961 0.7793317 0.4111234 0.4210901 0.4187575 0.4310393 0.8293305 0.7608276 0.8920457 0.3317338 0.8973091 0.3204237 0.8584660 0.7428502 0.2991888 0.0551776 0.4504564 0.8191110 0.8560053 0.4302271 0.3339011 0.3304084 0.9167427 0.8780250 0.2283427 0.7354220 0.7770537 0.4528193 0.8501498 0.1637882 0.6675052 0.7144457 0.2053739 0.0000000 0.8458759 0.9468972 0.6581588 
Tarsius_wallacei                  0.8126782 0.8077896 0.7366672 0.8562721 0.8898595 0.8941759 0.8866783 0.6376952 0.8901663 0.8889950 0.8747833 0.7134063 0.6326880 0.6211439 0.8034207 0.5903204 0.7685902 0.7925412 0.7902040 0.8189428 0.6181316 0.8872513 0.7104668 0.9232474 0.6959828 0.8926718 0.6925965 0.8649844 0.8662252 0.8512932 0.8355888 0.6676911 0.6532760 0.7928244 0.9375597 0.9349820 0.7615383 0.7056595 0.8531404 0.8694708 0.8914332 0.8432568 0.6411817 0.8603273 0.7529774 0.8779634 0.8632570 0.8458759 0.0000000 0.7349070 0.7995359 
Xanthonycticebus_pygmaeus         0.9107432 0.9194841 0.7288669 0.9145641 0.9409801 0.9544139 0.9516871 0.6705373 0.9509492 0.9507237 0.9612264 0.7603915 0.6554503 0.6354001 0.9089551 0.6147223 0.8469961 0.8692238 0.8632136 0.8976309 0.6396650 0.9653228 0.7081472 1.0124743 0.3059518 0.9718679 0.7007603 0.9362901 0.9126848 0.9444166 0.8985917 0.6790190 0.6636203 0.8935053 1.0072937 1.0081602 0.4042769 0.6999989 0.9192977 0.9169413 0.9550657 0.9200130 0.6689764 0.9320211 0.8457190 0.9558622 0.9747521 0.9468972 0.7349070 0.0000000 0.8807917 
Xenothrix_mcgregori               0.2947569 0.2898693 0.8523398 0.3106433 0.3481418 0.3257809 0.6544870 0.7860276 0.0688316 0.0315068 0.3076903 0.8689625 0.7607154 0.7607401 0.5725502 0.7298866 0.5305701 0.5451964 0.5445513 0.6024875 0.7588205 0.3629221 0.8377081 0.6948694 0.8305076 0.6808414 0.7818656 0.3284899 0.6354545 0.6533813 0.6039790 0.7791922 0.7912387 0.5510481 0.6938374 0.7025931 0.8582711 0.8133541 0.6471235 0.2936256 0.1942369 0.5890532 0.7756288 0.6427211 0.3422675 0.3297812 0.6623608 0.6581588 0.7995359 0.8807917 0.0000000 
